1,1,0
1,2,0
1,3,0
1,4,0
1,5,0
1,6,0
1,7,0
1,8,0
1,9,0
1,10,0
1,11,0
1,12,0
1,13,0
1,14,0
1,15,0
1,16,0
1,17,0
1,18,0
1,19,0
1,20,0
1,21,0
1,22,0
1,23,0
1,24,0
1,25,0
1,26,0
1,27,0
1,28,0
1,29,1
1,30,0
1,31,0
1,32,0
1,33,0
1,34,0
1,35,1
1,36,0
1,37,0
1,38,0
1,39,0
1,40,0
1,41,0
1,42,0
1,43,0
1,44,0
1,45,0
1,46,0
1,47,0
1,48,0
1,49,0
1,50,0
1,51,0
1,52,0
1,53,0
1,54,0
1,55,0
1,56,0
1,57,0
1,58,0
1,59,0
1,60,0
1,61,0
1,62,0
1,63,0
1,64,0
1,65,0
1,66,0
1,67,0
1,68,0
1,69,0
1,70,0
1,71,0
1,72,0
1,73,0
1,74,0
1,75,0
1,76,0
1,77,0
1,78,0
1,79,0
1,80,0
1,81,0
1,82,0
1,83,0
1,84,0
1,85,0
1,86,0
1,87,0
1,88,0
1,89,0
1,90,0
1,91,0
1,92,0
1,93,0
1,94,0
1,95,0
1,96,0
1,97,0
1,98,0
1,99,0
1,100,0
1,101,0
1,102,0
1,103,0
1,104,0
1,105,0
1,106,0
1,107,0
1,108,0
1,109,0
1,110,0
1,111,0
1,112,0
1,113,0
1,114,0
1,115,0
1,116,0
1,117,0
1,118,0
1,119,0
1,120,0
1,121,0
1,122,0
1,123,0
1,124,0
1,125,0
1,126,0
1,127,0
1,128,0
1,129,0
1,130,0
1,131,0
1,132,0
1,133,0
1,134,0
1,135,0
1,136,0
1,137,0
1,138,0
1,139,0
1,140,0
1,141,0
1,142,0
1,143,0
1,144,0
1,145,0
1,146,0
1,147,0
1,148,0
1,149,0
1,150,0
1,151,0
1,152,0
1,153,0
1,154,0
1,155,0
1,156,0
1,157,0
1,158,0
1,159,0
1,160,0
1,161,0
1,162,0
1,163,0
1,164,0
1,165,0
1,166,0
1,167,0
1,168,0
1,169,0
1,170,0
1,171,0
1,172,0
1,173,0
1,174,0
1,175,0
1,176,0
1,177,0
1,178,0
1,179,0
1,180,0
1,181,0
1,182,0
1,183,0
1,184,0
1,185,0
1,186,0
1,187,0
1,188,0
1,189,0
1,190,0
1,191,0
1,192,0
1,193,0
1,194,0
1,195,0
1,196,0
1,197,0
1,198,0
1,199,0
1,200,0
1,201,0
1,202,0
1,203,0
1,204,0
1,205,0
1,206,0
1,207,0
1,208,0
1,209,0
1,210,0
1,211,0
1,212,0
1,213,0
1,214,0
1,215,0
1,216,0
1,217,0
1,218,0
1,219,0
1,220,0
1,221,0
1,222,0
1,223,0
1,224,0
1,225,0
1,226,0
1,227,0
1,228,0
1,229,0
1,230,0
1,231,0
1,232,0
1,233,0
1,234,0
1,235,0
1,236,0
1,237,0
1,238,0
1,239,0
1,240,0
1,241,0
1,242,0
1,243,0
1,244,0
1,245,0
1,246,0
1,247,0
1,248,0
1,249,0
1,250,0
1,251,0
1,252,0
1,253,0
1,254,0
1,255,0
1,256,0
1,257,0
1,258,0
1,259,0
1,260,0
1,261,0
1,262,0
1,263,0
1,264,0
1,265,0
1,266,0
1,267,0
1,268,0
1,269,0
1,270,0
1,271,0
1,272,0
1,273,0
1,274,0
1,275,0
1,276,0
1,277,0
1,278,0
1,279,0
1,280,0
1,281,0
1,282,0
1,283,0
1,284,0
1,285,0
1,286,0
1,287,0
1,288,0
1,289,0
1,290,0
1,291,0
1,292,0
1,293,0
1,294,0
1,295,0
1,296,0
1,297,0
1,298,0
1,299,0
1,300,0
1,301,0
1,302,0
1,303,0
1,304,0
1,305,0
1,306,0
1,307,0
1,308,0
1,309,0
1,310,0
1,311,0
1,312,0
1,313,0
1,314,0
1,315,0
1,316,0
1,317,0
1,318,0
1,319,0
1,320,0
1,321,0
1,322,0
1,323,0
1,324,0
1,325,0
1,326,0
1,327,0
1,328,0
1,329,0
1,330,0
1,331,0
1,332,0
1,333,0
1,334,0
1,335,0
1,336,0
1,337,0
1,338,0
1,339,0
1,340,0
1,341,0
1,342,0
1,343,0
1,344,0
1,345,0
1,346,0
1,347,0
1,348,0
1,349,0
1,350,0
1,351,0
1,352,0
1,353,0
1,354,0
1,355,0
1,356,0
1,357,0
1,358,0
1,359,0
1,360,0
1,361,0
1,362,0
1,363,0
1,364,0
1,365,0
1,366,0
1,367,0
1,368,0
1,369,0
1,370,0
1,371,0
1,372,0
1,373,0
1,374,0
1,375,0
1,376,0
1,377,0
1,378,0
1,379,0
1,380,0
1,381,0
1,382,0
1,383,0
1,384,0
1,385,0
1,386,0
1,387,0
1,388,0
1,389,0
1,390,0
1,391,0
1,392,0
1,393,0
1,394,0
1,395,0
1,396,0
1,397,0
1,398,0
1,399,0
1,400,0
1,401,0
1,402,0
1,403,0
1,404,0
1,405,0
1,406,0
1,407,0
1,408,0
1,409,0
1,410,0
1,411,0
1,412,0
1,413,0
1,414,0
1,415,0
1,416,0
1,417,0
1,418,0
1,419,0
1,420,0
1,421,0
1,422,0
1,423,0
1,424,0
1,425,0
1,426,0
1,427,0
1,428,0
1,429,0
1,430,0
1,431,0
1,432,0
1,433,0
1,434,0
1,435,0
1,436,0
1,437,0
1,438,0
1,439,0
1,440,0
1,441,0
1,442,0
1,443,0
1,444,0
1,445,0
1,446,0
1,447,0
1,448,0
1,449,0
1,450,0
1,451,0
1,452,0
1,453,0
1,454,0
1,455,0
1,456,0
1,457,0
1,458,0
1,459,0
1,460,0
1,461,0
1,462,0
1,463,0
1,464,0
1,465,0
1,466,0
1,467,0
1,468,0
1,469,0
1,470,0
1,471,0
1,472,0
1,473,0
1,474,0
1,475,0
1,476,0
1,477,0
1,478,0
1,479,0
1,480,0
1,481,0
1,482,0
1,483,0
1,484,0
1,485,0
1,486,0
1,487,0
1,488,0
1,489,0
1,490,0
1,491,0
1,492,0
1,493,0
1,494,0
1,495,0
1,496,0
1,497,0
1,498,0
1,499,0
1,500,0
1,501,0
1,502,0
1,503,0
1,504,0
1,505,0
1,506,0
1,507,0
1,508,0
1,509,0
1,510,0
1,511,0
1,512,0
1,513,0
1,514,0
1,515,0
1,516,0
1,517,0
1,518,0
1,519,0
1,520,0
1,521,0
1,522,0
1,523,0
1,524,0
1,525,0
1,526,0
1,527,0
1,528,0
1,529,0
1,530,0
1,531,0
1,532,0
1,533,0
1,534,0
1,535,0
1,536,0
1,537,0
1,538,0
1,539,0
1,540,0
1,541,0
1,542,0
1,543,0
1,544,0
1,545,0
1,546,0
1,547,0
1,548,0
1,549,0
1,550,0
1,551,0
1,552,0
1,553,0
1,554,0
1,555,0
1,556,0
1,557,0
1,558,0
1,559,0
1,560,0
1,561,0
1,562,0
1,563,0
1,564,0
1,565,0
1,566,0
1,567,0
1,568,0
1,569,0
1,570,0
1,571,0
1,572,0
1,573,0
1,574,0
1,575,0
1,576,0
1,577,0
1,578,0
1,579,0
1,580,0
1,581,0
1,582,0
1,583,0
1,584,0
1,585,0
1,586,0
1,587,0
1,588,0
1,589,0
1,590,0
1,591,0
1,592,0
1,593,0
1,594,0
1,595,0
1,596,0
1,597,0
1,598,0
1,599,0
1,600,0
1,601,0
1,602,0
1,603,0
1,604,0
1,605,0
1,606,0
1,607,0
1,608,0
1,609,0
1,610,0
1,611,0
1,612,0
1,613,0
1,614,0
1,615,0
1,616,0
1,617,0
1,618,0
1,619,0
1,620,0
1,621,0
1,622,0
1,623,0
1,624,0
1,625,0
1,626,0
1,627,0
1,628,0
1,629,0
1,630,0
1,631,0
1,632,0
1,633,0
1,634,0
1,635,0
1,636,0
1,637,0
1,638,0
1,639,0
1,640,0
1,641,0
1,642,0
1,643,0
1,644,0
1,645,0
1,646,0
1,647,0
1,648,0
1,649,0
1,650,0
1,651,0
1,652,0
1,653,0
1,654,0
1,655,0
1,656,0
1,657,0
1,658,0
1,659,0
1,660,0
1,661,0
1,662,0
1,663,0
1,664,0
1,665,0
1,666,0
1,667,0
1,668,0
1,669,0
1,670,0
1,671,0
1,672,0
1,673,0
1,674,0
1,675,0
1,676,0
1,677,0
1,678,0
1,679,0
1,680,0
1,681,0
1,682,0
1,683,0
1,684,0
1,685,0
1,686,0
1,687,0
1,688,0
1,689,0
1,690,0
1,691,0
1,692,0
1,693,0
1,694,0
1,695,0
1,696,0
1,697,0
1,698,0
1,699,0
1,700,0
1,701,0
1,702,0
1,703,0
1,704,0
1,705,0
1,706,0
1,707,0
1,708,0
1,709,0
1,710,0
1,711,0
1,712,0
1,713,0
1,714,0
1,715,0
1,716,0
1,717,0
1,718,0
1,719,0
1,720,0
1,721,0
1,722,0
1,723,0
1,724,0
1,725,0
1,726,0
1,727,0
1,728,0
1,729,0
1,730,0
1,731,0
1,732,0
1,733,0
1,734,0
1,735,0
1,736,0
1,737,0
1,738,0
1,739,0
1,740,0
1,741,0
1,742,0
1,743,0
1,744,0
1,745,0
1,746,0
1,747,0
1,748,0
1,749,0
1,750,0
1,751,0
1,752,0
1,753,0
1,754,0
1,755,0
1,756,0
1,757,0
1,758,0
1,759,0
1,760,0
1,761,0
1,762,0
1,763,0
1,764,0
1,765,0
1,766,0
1,767,0
1,768,0
1,769,0
1,770,0
1,771,0
1,772,0
1,773,0
1,774,0
1,775,0
1,776,0
1,777,0
1,778,0
1,779,0
1,780,0
1,781,0
1,782,0
1,783,0
1,784,0
1,785,0
1,786,0
1,787,0
1,788,0
1,789,0
1,790,0
1,791,0
1,792,0
1,793,0
1,794,0
1,795,0
1,796,0
1,797,0
1,798,0
1,799,0
1,800,0
1,801,0
1,802,0
1,803,0
1,804,0
1,805,0
1,806,0
1,807,0
1,808,0
1,809,0
1,810,0
1,811,0
1,812,0
1,813,0
1,814,0
1,815,0
1,816,0
1,817,0
1,818,0
1,819,0
1,820,0
1,821,0
1,822,0
1,823,0
1,824,0
1,825,0
1,826,0
1,827,0
1,828,0
1,829,0
1,830,0
1,831,0
1,832,0
1,833,0
1,834,0
1,835,0
1,836,0
1,837,0
1,838,0
1,839,0
1,840,0
1,841,0
1,842,0
1,843,0
1,844,0
1,845,0
1,846,0
1,847,0
1,848,0
1,849,0
1,850,0
1,851,0
1,852,0
1,853,0
1,854,0
1,855,0
1,856,0
1,857,0
1,858,0
1,859,0
1,860,0
1,861,0
1,862,0
1,863,0
1,864,0
1,865,0
1,866,0
1,867,0
1,868,0
1,869,0
1,870,0
1,871,0
1,872,0
1,873,0
1,874,0
1,875,0
1,876,0
1,877,0
1,878,0
1,879,0
1,880,0
1,881,0
1,882,0
1,883,0
1,884,0
1,885,0
1,886,0
1,887,0
1,888,0
1,889,0
1,890,0
1,891,0
1,892,0
1,893,0
1,894,0
1,895,0
1,896,0
1,897,0
1,898,0
1,899,0
1,900,0
1,901,0
1,902,0
1,903,0
1,904,0
1,905,0
1,906,0
1,907,0
1,908,0
1,909,0
1,910,0
1,911,0
1,912,0
1,913,0
1,914,0
1,915,0
1,916,0
1,917,0
1,918,0
1,919,0
1,920,0
1,921,0
1,922,0
1,923,0
1,924,0
1,925,0
1,926,0
1,927,0
1,928,0
1,929,0
1,930,0
1,931,0
1,932,0
1,933,0
1,934,0
1,935,0
1,936,0
1,937,0
1,938,0
1,939,0
1,940,0
1,941,0
1,942,0
1,943,0
1,944,0
1,945,0
1,946,0
1,947,0
1,948,0
1,949,0
1,950,0
1,951,0
1,952,0
1,953,0
1,954,0
1,955,0
1,956,0
1,957,0
1,958,0
1,959,0
1,960,0
1,961,0
1,962,0
1,963,0
1,964,0
1,965,0
1,966,0
1,967,0
1,968,0
1,969,0
1,970,0
1,971,0
1,972,0
1,973,0
1,974,0
1,975,0
1,976,0
1,977,0
1,978,0
1,979,0
1,980,0
1,981,0
1,982,0
1,983,0
1,984,0
1,985,0
1,986,0
1,987,0
1,988,0
1,989,0
1,990,0
1,991,0
1,992,0
1,993,0
1,994,0
1,995,0
1,996,0
1,997,0
1,998,0
1,999,0
1,1000,0
1,1001,0
1,1002,0
1,1003,0
1,1004,0
1,1005,0
1,1006,0
1,1007,0
1,1008,0
1,1009,0
1,1010,0
1,1011,0
1,1012,0
1,1013,0
1,1014,0
1,1015,0
1,1016,0
1,1017,0
1,1018,0
1,1019,0
1,1020,0
1,1021,0
1,1022,0
1,1023,0
1,1024,0
1,1025,0
1,1026,0
1,1027,0
1,1028,0
1,1029,0
1,1030,0
1,1031,0
1,1032,0
1,1033,0
1,1034,0
1,1035,0
1,1036,0
1,1037,0
1,1038,0
1,1039,0
1,1040,0
1,1041,0
1,1042,0
1,1043,0
1,1044,0
1,1045,0
1,1046,0
1,1047,0
1,1048,0
1,1049,0
1,1050,0
1,1051,0
1,1052,0
1,1053,0
1,1054,0
1,1055,0
1,1056,0
1,1057,0
1,1058,0
1,1059,0
1,1060,0
1,1061,0
1,1062,0
1,1063,0
1,1064,0
1,1065,0
1,1066,0
1,1067,0
1,1068,0
1,1069,0
1,1070,0
1,1071,0
1,1072,0
1,1073,0
1,1074,0
1,1075,0
1,1076,0
1,1077,0
1,1078,0
1,1079,0
1,1080,0
1,1081,0
1,1082,0
1,1083,0
1,1084,0
1,1085,0
1,1086,0
1,1087,0
1,1088,0
1,1089,0
1,1090,0
1,1091,0
1,1092,0
1,1093,0
1,1094,0
1,1095,0
1,1096,0
1,1097,0
1,1098,0
1,1099,0
1,1100,0
1,1101,0
1,1102,0
1,1103,0
1,1104,0
1,1105,0
1,1106,0
1,1107,0
1,1108,0
1,1109,0
1,1110,0
1,1111,0
1,1112,0
1,1113,0
1,1114,0
1,1115,0
1,1116,0
1,1117,0
1,1118,0
1,1119,0
1,1120,0
1,1121,0
1,1122,0
1,1123,0
1,1124,0
1,1125,0
1,1126,0
1,1127,0
1,1128,0
1,1129,0
1,1130,0
1,1131,0
1,1132,0
1,1133,0
1,1134,0
1,1135,0
1,1136,0
1,1137,0
1,1138,0
1,1139,0
1,1140,0
1,1141,0
1,1142,0
1,1143,0
1,1144,0
1,1145,0
1,1146,0
1,1147,0
1,1148,0
1,1149,0
1,1150,0
1,1151,0
1,1152,0
1,1153,0
1,1154,0
1,1155,1
1,1156,0
1,1157,0
1,1158,0
1,1159,0
1,1160,0
1,1161,0
1,1162,0
1,1163,0
1,1164,0
1,1165,0
1,1166,0
1,1167,0
1,1168,0
1,1169,0
1,1170,0
1,1171,0
1,1172,0
1,1173,0
1,1174,0
1,1175,0
1,1176,0
1,1177,0
1,1178,0
1,1179,0
1,1180,0
1,1181,0
1,1182,0
1,1183,0
1,1184,0
1,1185,0
1,1186,0
1,1187,0
1,1188,0
1,1189,0
1,1190,0
1,1191,0
1,1192,0
1,1193,0
1,1194,0
1,1195,0
1,1196,0
1,1197,0
1,1198,0
1,1199,0
1,1200,0
1,1201,0
1,1202,0
1,1203,0
1,1204,0
1,1205,0
1,1206,0
1,1207,0
1,1208,0
1,1209,0
1,1210,0
1,1211,0
1,1212,0
1,1213,0
1,1214,0
1,1215,0
1,1216,0
1,1217,0
1,1218,0
1,1219,0
1,1220,0
1,1221,0
1,1222,0
1,1223,0
1,1224,0
1,1225,0
1,1226,0
1,1227,0
1,1228,0
1,1229,0
1,1230,0
1,1231,0
1,1232,0
1,1233,0
1,1234,0
1,1235,0
1,1236,0
1,1237,0
1,1238,0
1,1239,0
1,1240,0
1,1241,0
1,1242,0
1,1243,0
1,1244,0
1,1245,0
1,1246,0
1,1247,0
1,1248,0
1,1249,0
1,1250,0
1,1251,0
1,1252,0
1,1253,0
1,1254,0
1,1255,0
1,1256,0
1,1257,0
1,1258,0
1,1259,0
1,1260,0
1,1261,0
1,1262,0
1,1263,0
1,1264,0
1,1265,0
1,1266,0
1,1267,0
1,1268,0
1,1269,0
1,1270,0
1,1271,0
1,1272,0
1,1273,0
1,1274,0
1,1275,0
1,1276,0
1,1277,0
1,1278,0
1,1279,0
1,1280,0
1,1281,0
1,1282,0
1,1283,0
1,1284,0
1,1285,0
1,1286,0
1,1287,0
1,1288,1
1,1289,0
1,1290,0
1,1291,0
1,1292,0
1,1293,0
1,1294,0
1,1295,0
1,1296,0
1,1297,0
1,1298,0
1,1299,0
1,1300,0
1,1301,0
1,1302,0
1,1303,0
1,1304,0
1,1305,0
1,1306,0
1,1307,0
1,1308,0
1,1309,0
1,1310,0
1,1311,0
1,1312,0
1,1313,0
1,1314,0
1,1315,0
1,1316,0
1,1317,0
1,1318,0
1,1319,0
1,1320,0
1,1321,0
1,1322,0
1,1323,0
1,1324,0
1,1325,0
1,1326,0
1,1327,0
1,1328,0
1,1329,0
1,1330,0
1,1331,0
1,1332,0
1,1333,0
1,1334,0
1,1335,0
1,1336,0
1,1337,0
1,1338,0
1,1339,0
1,1340,0
1,1341,0
1,1342,0
1,1343,0
1,1344,0
1,1345,0
1,1346,0
1,1347,0
1,1348,0
1,1349,0
1,1350,0
1,1351,0
1,1352,0
1,1353,0
1,1354,0
1,1355,0
1,1356,0
1,1357,0
1,1358,0
1,1359,0
1,1360,0
1,1361,0
1,1362,0
1,1363,0
1,1364,0
1,1365,0
1,1366,0
1,1367,0
1,1368,0
1,1369,0
1,1370,0
1,1371,0
1,1372,0
1,1373,0
1,1374,0
1,1375,0
1,1376,0
1,1377,0
1,1378,0
1,1379,0
1,1380,0
1,1381,0
1,1382,0
1,1383,0
1,1384,0
1,1385,0
1,1386,0
1,1387,0
1,1388,0
1,1389,0
1,1390,0
1,1391,0
1,1392,0
1,1393,0
1,1394,0
1,1395,0
1,1396,0
1,1397,0
1,1398,0
1,1399,0
1,1400,0
1,1401,0
1,1402,0
1,1403,0
1,1404,0
1,1405,0
1,1406,0
1,1407,0
1,1408,0
1,1409,0
1,1410,0
1,1411,0
1,1412,0
1,1413,0
1,1414,0
1,1415,0
1,1416,0
1,1417,0
1,1418,0
1,1419,0
1,1420,0
1,1421,0
1,1422,0
1,1423,0
1,1424,0
1,1425,0
1,1426,0
1,1427,0
1,1428,0
1,1429,0
1,1430,0
1,1431,0
1,1432,0
1,1433,0
1,1434,0
1,1435,0
1,1436,0
1,1437,0
1,1438,0
1,1439,0
1,1440,0
1,1441,0
1,1442,0
1,1443,0
1,1444,0
1,1445,0
1,1446,0
1,1447,0
1,1448,0
1,1449,0
1,1450,0
1,1451,0
1,1452,0
1,1453,0
1,1454,0
1,1455,0
1,1456,0
1,1457,0
1,1458,0
1,1459,0
1,1460,0
1,1461,0
1,1462,0
1,1463,0
1,1464,0
1,1465,0
1,1466,0
1,1467,0
1,1468,0
1,1469,0
1,1470,0
1,1471,0
1,1472,0
1,1473,0
1,1474,0
1,1475,0
1,1476,0
1,1477,0
1,1478,0
1,1479,0
1,1480,0
1,1481,0
1,1482,0
1,1483,0
1,1484,0
1,1485,0
1,1486,0
1,1487,0
1,1488,0
1,1489,0
1,1490,0
1,1491,0
1,1492,0
1,1493,0
1,1494,0
1,1495,0
1,1496,0
1,1497,0
1,1498,0
1,1499,0
1,1500,0
1,1501,0
1,1502,0
1,1503,0
1,1504,0
1,1505,0
1,1506,0
1,1507,0
1,1508,0
1,1509,0
1,1510,0
1,1511,0
1,1512,0
1,1513,0
1,1514,0
1,1515,0
1,1516,0
1,1517,0
1,1518,0
1,1519,0
1,1520,0
1,1521,0
1,1522,0
1,1523,0
1,1524,0
1,1525,0
1,1526,0
1,1527,0
1,1528,0
1,1529,0
1,1530,0
1,1531,0
1,1532,0
1,1533,0
1,1534,0
1,1535,0
1,1536,0
1,1537,0
1,1538,0
1,1539,0
1,1540,0
1,1541,0
1,1542,0
1,1543,0
1,1544,0
1,1545,0
1,1546,0
1,1547,0
1,1548,0
1,1549,0
1,1550,0
1,1551,0
1,1552,0
1,1553,0
1,1554,0
1,1555,0
1,1556,0
1,1557,0
1,1558,0
1,1559,0
1,1560,0
1,1561,0
1,1562,0
1,1563,0
1,1564,0
1,1565,0
1,1566,0
1,1567,0
1,1568,0
1,1569,0
1,1570,0
1,1571,0
1,1572,0
1,1573,0
1,1574,0
1,1575,0
1,1576,0
1,1577,0
1,1578,0
1,1579,0
1,1580,0
1,1581,0
1,1582,0
1,1583,0
1,1584,0
1,1585,0
1,1586,0
1,1587,0
1,1588,0
1,1589,0
1,1590,0
1,1591,0
1,1592,0
1,1593,0
1,1594,0
1,1595,0
1,1596,0
1,1597,0
1,1598,0
1,1599,0
1,1600,0
1,1601,0
1,1602,0
1,1603,0
1,1604,0
1,1605,0
1,1606,0
1,1607,0
1,1608,0
1,1609,0
1,1610,0
1,1611,0
1,1612,0
1,1613,0
1,1614,0
1,1615,0
1,1616,0
1,1617,0
1,1618,0
1,1619,0
1,1620,0
1,1621,0
1,1622,0
1,1623,0
1,1624,0
1,1625,0
1,1626,0
1,1627,0
1,1628,0
1,1629,0
1,1630,0
1,1631,0
1,1632,0
1,1633,0
1,1634,0
1,1635,0
1,1636,0
1,1637,0
1,1638,0
1,1639,0
1,1640,0
1,1641,0
1,1642,0
1,1643,0
1,1644,0
1,1645,0
1,1646,0
1,1647,0
1,1648,0
1,1649,0
1,1650,0
1,1651,0
1,1652,0
2,1,0
2,2,0
2,3,0
2,4,0
2,5,0
2,6,0
2,7,0
2,8,0
2,9,0
2,10,0
2,11,0
2,12,0
2,13,0
2,14,0
2,15,0
2,16,0
2,17,0
2,18,0
2,19,0
2,20,0
2,21,0
2,22,0
2,23,0
2,24,0
2,25,0
2,26,0
2,27,0
2,28,0
2,29,0
2,30,0
2,31,0
2,32,0
2,33,0
2,34,0
2,35,0
2,36,0
2,37,0
2,38,0
2,39,0
2,40,0
2,41,0
2,42,0
2,43,0
2,44,0
2,45,0
2,46,0
2,47,0
2,48,0
2,49,0
2,50,0
2,51,0
2,52,0
2,53,0
2,54,0
2,55,0
2,56,0
2,57,0
2,58,0
2,59,0
2,60,0
2,61,0
2,62,0
2,63,0
2,64,0
2,65,0
2,66,0
2,67,0
2,68,0
2,69,0
2,70,0
2,71,0
2,72,0
2,73,0
2,74,0
2,75,0
2,76,0
2,77,0
2,78,0
2,79,0
2,80,0
2,81,0
2,82,0
2,83,0
2,84,0
2,85,0
2,86,0
2,87,0
2,88,0
2,89,0
2,90,0
2,91,0
2,92,0
2,93,0
2,94,0
2,95,0
2,96,0
2,97,0
2,98,0
2,99,0
2,100,0
2,101,0
2,102,0
2,103,0
2,104,0
2,105,0
2,106,0
2,107,0
2,108,0
2,109,0
2,110,0
2,111,0
2,112,0
2,113,0
2,114,0
2,115,0
2,116,0
2,117,0
2,118,0
2,119,0
2,120,0
2,121,0
2,122,0
2,123,0
2,124,0
2,125,0
2,126,0
2,127,0
2,128,0
2,129,0
2,130,0
2,131,0
2,132,0
2,133,0
2,134,0
2,135,0
2,136,0
2,137,0
2,138,0
2,139,0
2,140,0
2,141,0
2,142,0
2,143,0
2,144,0
2,145,0
2,146,0
2,147,0
2,148,0
2,149,0
2,150,0
2,151,0
2,152,0
2,153,0
2,154,0
2,155,0
2,156,0
2,157,0
2,158,0
2,159,0
2,160,0
2,161,0
2,162,0
2,163,0
2,164,0
2,165,0
2,166,0
2,167,0
2,168,0
2,169,0
2,170,0
2,171,0
2,172,0
2,173,0
2,174,0
2,175,0
2,176,0
2,177,0
2,178,0
2,179,0
2,180,0
2,181,0
2,182,0
2,183,0
2,184,0
2,185,0
2,186,0
2,187,0
2,188,0
2,189,0
2,190,0
2,191,0
2,192,0
2,193,0
2,194,0
2,195,0
2,196,0
2,197,0
2,198,0
2,199,0
2,200,0
2,201,0
2,202,0
2,203,0
2,204,0
2,205,0
2,206,0
2,207,0
2,208,0
2,209,0
2,210,0
2,211,0
2,212,0
2,213,0
2,214,0
2,215,0
2,216,0
2,217,0
2,218,0
2,219,0
2,220,0
2,221,0
2,222,0
2,223,0
2,224,0
2,225,0
2,226,0
2,227,0
2,228,0
2,229,0
2,230,0
2,231,0
2,232,0
2,233,0
2,234,0
2,235,0
2,236,0
2,237,0
2,238,0
2,239,0
2,240,0
2,241,0
2,242,0
2,243,0
2,244,0
2,245,0
2,246,0
2,247,0
2,248,0
2,249,0
2,250,0
2,251,0
2,252,0
2,253,0
2,254,0
2,255,0
2,256,0
2,257,0
2,258,0
2,259,0
2,260,0
2,261,0
2,262,0
2,263,0
2,264,0
2,265,0
2,266,0
2,267,0
2,268,0
2,269,0
2,270,0
2,271,0
2,272,0
2,273,0
2,274,0
2,275,0
2,276,0
2,277,0
2,278,0
2,279,0
2,280,0
2,281,0
2,282,0
2,283,0
2,284,0
2,285,0
2,286,0
2,287,0
2,288,0
2,289,0
2,290,0
2,291,0
2,292,0
2,293,0
2,294,0
2,295,0
2,296,0
2,297,0
2,298,0
2,299,0
2,300,0
2,301,0
2,302,0
2,303,0
2,304,0
2,305,0
2,306,0
2,307,0
2,308,0
2,309,0
2,310,0
2,311,0
2,312,0
2,313,0
2,314,0
2,315,0
2,316,0
2,317,0
2,318,0
2,319,0
2,320,0
2,321,0
2,322,0
2,323,0
2,324,0
2,325,0
2,326,0
2,327,0
2,328,0
2,329,0
2,330,0
2,331,0
2,332,0
2,333,0
2,334,0
2,335,0
2,336,0
2,337,0
2,338,0
2,339,0
2,340,0
2,341,0
2,342,0
2,343,0
2,344,0
2,345,0
2,346,0
2,347,0
2,348,0
2,349,0
2,350,0
2,351,0
2,352,0
2,353,0
2,354,0
2,355,0
2,356,0
2,357,0
2,358,0
2,359,0
2,360,0
2,361,0
2,362,0
2,363,0
2,364,0
2,365,0
2,366,0
2,367,0
2,368,0
2,369,0
2,370,0
2,371,0
2,372,0
2,373,0
2,374,0
2,375,0
2,376,0
2,377,0
2,378,0
2,379,0
2,380,0
2,381,0
2,382,0
2,383,0
2,384,0
2,385,0
2,386,0
2,387,0
2,388,0
2,389,0
2,390,0
2,391,0
2,392,0
2,393,0
2,394,0
2,395,0
2,396,0
2,397,0
2,398,0
2,399,0
2,400,0
2,401,0
2,402,0
2,403,0
2,404,0
2,405,0
2,406,0
2,407,0
2,408,0
2,409,0
2,410,0
2,411,0
2,412,0
2,413,0
2,414,0
2,415,0
2,416,0
2,417,0
2,418,0
2,419,0
2,420,0
2,421,0
2,422,0
2,423,0
2,424,0
2,425,0
2,426,0
2,427,0
2,428,0
2,429,0
2,430,0
2,431,0
2,432,0
2,433,0
2,434,0
2,435,0
2,436,0
2,437,0
2,438,0
2,439,0
2,440,0
2,441,0
2,442,0
2,443,0
2,444,0
2,445,0
2,446,0
2,447,0
2,448,0
2,449,0
2,450,0
2,451,0
2,452,0
2,453,0
2,454,0
2,455,0
2,456,0
2,457,0
2,458,0
2,459,0
2,460,0
2,461,0
2,462,0
2,463,0
2,464,0
2,465,0
2,466,0
2,467,0
2,468,1
2,469,0
2,470,0
2,471,0
2,472,0
2,473,0
2,474,0
2,475,0
2,476,0
2,477,0
2,478,0
2,479,0
2,480,0
2,481,0
2,482,0
2,483,0
2,484,0
2,485,0
2,486,0
2,487,0
2,488,0
2,489,0
2,490,0
2,491,0
2,492,0
2,493,0
2,494,0
2,495,0
2,496,0
2,497,1
2,498,0
2,499,0
2,500,0
2,501,0
2,502,0
2,503,0
2,504,0
2,505,0
2,506,0
2,507,0
2,508,0
2,509,0
2,510,0
2,511,0
2,512,0
2,513,0
2,514,0
2,515,0
2,516,0
2,517,0
2,518,0
2,519,0
2,520,0
2,521,0
2,522,0
2,523,0
2,524,0
2,525,0
2,526,0
2,527,0
2,528,0
2,529,0
2,530,0
2,531,0
2,532,0
2,533,0
2,534,0
2,535,0
2,536,0
2,537,0
2,538,0
2,539,0
2,540,0
2,541,0
2,542,0
2,543,0
2,544,0
2,545,0
2,546,0
2,547,0
2,548,0
2,549,0
2,550,0
2,551,0
2,552,0
2,553,0
2,554,0
2,555,0
2,556,0
2,557,0
2,558,0
2,559,0
2,560,0
2,561,0
2,562,0
2,563,0
2,564,0
2,565,0
2,566,0
2,567,0
2,568,0
2,569,0
2,570,0
2,571,0
2,572,0
2,573,0
2,574,0
2,575,0
2,576,0
2,577,0
2,578,0
2,579,0
2,580,0
2,581,0
2,582,0
2,583,0
2,584,0
2,585,0
2,586,0
2,587,0
2,588,0
2,589,0
2,590,0
2,591,0
2,592,0
2,593,0
2,594,0
2,595,0
2,596,0
2,597,0
2,598,0
2,599,0
2,600,0
2,601,0
2,602,0
2,603,0
2,604,0
2,605,0
2,606,0
2,607,0
2,608,0
2,609,0
2,610,0
2,611,0
2,612,0
2,613,0
2,614,0
2,615,0
2,616,0
2,617,0
2,618,0
2,619,0
2,620,0
2,621,0
2,622,0
2,623,0
2,624,0
2,625,0
2,626,0
2,627,0
2,628,0
2,629,0
2,630,0
2,631,0
2,632,0
2,633,0
2,634,0
2,635,0
2,636,0
2,637,0
2,638,0
2,639,0
2,640,0
2,641,0
2,642,0
2,643,0
2,644,0
2,645,0
2,646,0
2,647,0
2,648,0
2,649,0
2,650,0
2,651,0
2,652,0
2,653,0
2,654,0
2,655,0
2,656,0
2,657,0
2,658,0
2,659,0
2,660,0
2,661,0
2,662,0
2,663,0
2,664,0
2,665,0
2,666,1
2,667,0
2,668,0
2,669,0
2,670,0
2,671,0
2,672,0
2,673,0
2,674,0
2,675,0
2,676,0
2,677,0
2,678,0
2,679,0
2,680,0
2,681,0
2,682,0
2,683,0
2,684,0
2,685,0
2,686,0
2,687,0
2,688,0
2,689,0
2,690,0
2,691,0
2,692,0
2,693,0
2,694,0
2,695,0
2,696,0
2,697,0
2,698,0
2,699,0
2,700,0
2,701,0
2,702,0
2,703,0
2,704,0
2,705,0
2,706,0
2,707,0
2,708,0
2,709,0
2,710,0
2,711,0
2,712,0
2,713,0
2,714,0
2,715,0
2,716,0
2,717,0
2,718,0
2,719,0
2,720,0
2,721,0
2,722,0
2,723,0
2,724,0
2,725,0
2,726,0
2,727,0
2,728,0
2,729,0
2,730,0
2,731,0
2,732,0
2,733,0
2,734,0
2,735,0
2,736,0
2,737,0
2,738,0
2,739,0
2,740,0
2,741,0
2,742,0
2,743,0
2,744,0
2,745,0
2,746,0
2,747,0
2,748,0
2,749,0
2,750,0
2,751,0
2,752,0
2,753,0
2,754,0
2,755,0
2,756,0
2,757,0
2,758,0
2,759,0
2,760,0
2,761,0
2,762,0
2,763,0
2,764,0
2,765,0
2,766,0
2,767,0
2,768,0
2,769,0
2,770,0
2,771,0
2,772,0
2,773,0
2,774,0
2,775,0
2,776,0
2,777,0
2,778,0
2,779,0
2,780,0
2,781,0
2,782,0
2,783,0
2,784,0
2,785,0
2,786,0
2,787,0
2,788,0
2,789,0
2,790,0
2,791,0
2,792,0
2,793,0
2,794,0
2,795,0
2,796,0
2,797,0
2,798,0
2,799,0
2,800,0
2,801,0
2,802,0
2,803,0
2,804,0
2,805,0
2,806,0
2,807,0
2,808,0
2,809,0
2,810,0
2,811,0
2,812,0
2,813,0
2,814,0
2,815,0
2,816,0
2,817,0
2,818,0
2,819,0
2,820,0
2,821,0
2,822,0
2,823,0
2,824,0
2,825,0
2,826,0
2,827,0
2,828,0
2,829,0
2,830,0
2,831,0
2,832,0
2,833,0
2,834,0
2,835,0
2,836,0
2,837,0
2,838,0
2,839,0
2,840,0
2,841,0
2,842,0
2,843,0
2,844,0
2,845,0
2,846,0
2,847,0
2,848,0
2,849,0
2,850,0
2,851,0
2,852,0
2,853,0
2,854,0
2,855,0
2,856,0
2,857,0
2,858,0
2,859,0
2,860,0
2,861,0
2,862,0
2,863,0
2,864,0
2,865,0
2,866,0
2,867,0
2,868,0
2,869,0
2,870,0
2,871,0
2,872,0
2,873,0
2,874,0
2,875,0
2,876,0
2,877,0
2,878,0
2,879,0
2,880,0
2,881,0
2,882,0
2,883,0
2,884,0
2,885,0
2,886,0
2,887,0
2,888,0
2,889,0
2,890,0
2,891,0
2,892,0
2,893,0
2,894,0
2,895,0
2,896,0
2,897,0
2,898,0
2,899,0
2,900,0
2,901,0
2,902,0
2,903,0
2,904,0
2,905,0
2,906,0
2,907,0
2,908,0
2,909,0
2,910,0
2,911,0
2,912,0
2,913,0
2,914,0
2,915,0
2,916,0
2,917,0
2,918,0
2,919,0
2,920,0
2,921,0
2,922,0
2,923,0
2,924,0
2,925,0
2,926,0
2,927,0
2,928,0
2,929,0
2,930,0
2,931,0
2,932,0
2,933,0
2,934,0
2,935,0
2,936,0
2,937,0
2,938,0
2,939,0
2,940,0
2,941,0
2,942,0
2,943,0
2,944,0
2,945,0
2,946,0
2,947,0
2,948,0
2,949,0
2,950,0
2,951,0
2,952,0
2,953,0
2,954,0
2,955,0
2,956,0
2,957,0
2,958,0
2,959,0
2,960,0
2,961,0
2,962,0
2,963,0
2,964,0
2,965,0
2,966,0
2,967,0
2,968,0
2,969,0
2,970,0
2,971,0
2,972,0
2,973,0
2,974,0
2,975,0
2,976,0
2,977,0
2,978,0
2,979,0
2,980,0
2,981,0
2,982,0
2,983,0
2,984,0
2,985,0
2,986,0
2,987,0
2,988,0
2,989,0
2,990,0
2,991,0
2,992,0
2,993,0
2,994,0
2,995,0
2,996,0
2,997,0
2,998,0
2,999,0
2,1000,0
2,1001,0
2,1002,0
2,1003,0
2,1004,0
2,1005,0
2,1006,0
2,1007,0
2,1008,0
2,1009,0
2,1010,0
2,1011,0
2,1012,0
2,1013,0
2,1014,0
2,1015,0
2,1016,0
2,1017,0
2,1018,0
2,1019,0
2,1020,0
2,1021,0
2,1022,0
2,1023,0
2,1024,0
2,1025,0
2,1026,0
2,1027,0
2,1028,0
2,1029,0
2,1030,0
2,1031,0
2,1032,0
2,1033,0
2,1034,0
2,1035,0
2,1036,0
2,1037,0
2,1038,0
2,1039,0
2,1040,0
2,1041,0
2,1042,0
2,1043,0
2,1044,0
2,1045,0
2,1046,0
2,1047,0
2,1048,0
2,1049,0
2,1050,0
2,1051,0
2,1052,0
2,1053,0
2,1054,0
2,1055,0
2,1056,0
2,1057,0
2,1058,0
2,1059,0
2,1060,0
2,1061,0
2,1062,0
2,1063,0
2,1064,0
2,1065,0
2,1066,0
2,1067,0
2,1068,0
2,1069,0
2,1070,0
2,1071,0
2,1072,0
2,1073,0
2,1074,0
2,1075,0
2,1076,0
2,1077,0
2,1078,0
2,1079,0
2,1080,0
2,1081,0
2,1082,0
2,1083,0
2,1084,0
2,1085,0
2,1086,0
2,1087,0
2,1088,0
2,1089,0
2,1090,0
2,1091,0
2,1092,0
2,1093,0
2,1094,0
2,1095,0
2,1096,0
2,1097,0
2,1098,0
2,1099,0
2,1100,0
2,1101,0
2,1102,0
2,1103,0
2,1104,0
2,1105,0
2,1106,0
2,1107,0
2,1108,0
2,1109,0
2,1110,0
2,1111,0
2,1112,0
2,1113,0
2,1114,0
2,1115,0
2,1116,0
2,1117,0
2,1118,0
2,1119,0
2,1120,0
2,1121,0
2,1122,0
2,1123,0
2,1124,0
2,1125,0
2,1126,0
2,1127,0
2,1128,0
2,1129,0
2,1130,0
2,1131,0
2,1132,0
2,1133,0
2,1134,0
2,1135,0
2,1136,0
2,1137,0
2,1138,0
2,1139,0
2,1140,0
2,1141,0
2,1142,0
2,1143,0
2,1144,0
2,1145,0
2,1146,0
2,1147,0
2,1148,0
2,1149,0
2,1150,0
2,1151,0
2,1152,0
2,1153,0
2,1154,0
2,1155,0
2,1156,0
2,1157,0
2,1158,0
2,1159,0
2,1160,0
2,1161,0
2,1162,0
2,1163,0
2,1164,0
2,1165,0
2,1166,0
2,1167,0
2,1168,0
2,1169,0
2,1170,0
2,1171,0
2,1172,0
2,1173,0
2,1174,0
2,1175,0
2,1176,0
2,1177,0
2,1178,0
2,1179,0
2,1180,0
2,1181,0
2,1182,0
2,1183,0
2,1184,0
2,1185,0
2,1186,0
2,1187,0
2,1188,0
2,1189,0
2,1190,0
2,1191,0
2,1192,0
2,1193,0
2,1194,0
2,1195,0
2,1196,0
2,1197,0
2,1198,0
2,1199,0
2,1200,0
2,1201,0
2,1202,0
2,1203,0
2,1204,0
2,1205,0
2,1206,0
2,1207,0
2,1208,0
2,1209,0
2,1210,0
2,1211,0
2,1212,0
2,1213,0
2,1214,0
2,1215,0
2,1216,0
2,1217,0
2,1218,0
2,1219,0
2,1220,0
2,1221,0
2,1222,0
2,1223,0
2,1224,0
2,1225,0
2,1226,0
2,1227,0
2,1228,0
2,1229,0
2,1230,0
2,1231,0
2,1232,0
2,1233,0
2,1234,0
2,1235,0
2,1236,0
2,1237,0
2,1238,0
2,1239,0
2,1240,0
2,1241,0
2,1242,0
2,1243,0
2,1244,0
2,1245,0
2,1246,0
2,1247,0
2,1248,0
2,1249,0
2,1250,0
2,1251,0
2,1252,0
2,1253,0
2,1254,0
2,1255,0
2,1256,0
2,1257,0
2,1258,0
2,1259,0
2,1260,0
2,1261,0
2,1262,0
2,1263,0
2,1264,0
2,1265,0
2,1266,0
2,1267,0
2,1268,0
2,1269,0
2,1270,0
2,1271,0
2,1272,0
2,1273,0
2,1274,0
2,1275,0
2,1276,0
2,1277,0
2,1278,0
2,1279,0
2,1280,0
2,1281,0
2,1282,0
2,1283,0
2,1284,0
2,1285,0
2,1286,0
2,1287,0
2,1288,0
2,1289,0
2,1290,0
2,1291,0
2,1292,0
2,1293,0
2,1294,0
2,1295,0
2,1296,0
2,1297,0
2,1298,0
2,1299,0
2,1300,0
2,1301,0
2,1302,0
2,1303,0
2,1304,0
2,1305,0
2,1306,0
2,1307,0
2,1308,0
2,1309,0
2,1310,0
2,1311,0
2,1312,0
2,1313,0
2,1314,0
2,1315,0
2,1316,0
2,1317,0
2,1318,0
2,1319,0
2,1320,0
2,1321,0
2,1322,0
2,1323,0
2,1324,0
2,1325,0
2,1326,0
2,1327,0
2,1328,0
2,1329,0
2,1330,0
2,1331,0
2,1332,0
2,1333,0
2,1334,0
2,1335,0
2,1336,0
2,1337,0
2,1338,0
2,1339,0
2,1340,0
2,1341,0
2,1342,0
2,1343,0
2,1344,0
2,1345,0
2,1346,0
2,1347,0
2,1348,0
2,1349,0
2,1350,0
2,1351,0
2,1352,0
2,1353,0
2,1354,0
2,1355,0
2,1356,0
2,1357,0
2,1358,0
2,1359,0
2,1360,0
2,1361,0
2,1362,0
2,1363,0
2,1364,0
2,1365,0
2,1366,0
2,1367,0
2,1368,0
2,1369,0
2,1370,0
2,1371,0
2,1372,0
2,1373,0
2,1374,0
2,1375,0
2,1376,0
2,1377,0
2,1378,0
2,1379,0
2,1380,0
2,1381,0
2,1382,0
2,1383,0
2,1384,0
2,1385,0
2,1386,0
2,1387,0
2,1388,0
2,1389,0
2,1390,0
2,1391,0
2,1392,0
2,1393,0
2,1394,0
2,1395,0
2,1396,0
2,1397,0
2,1398,0
2,1399,0
2,1400,0
2,1401,0
2,1402,0
2,1403,0
2,1404,0
2,1405,0
2,1406,0
2,1407,0
2,1408,0
2,1409,0
2,1410,0
2,1411,0
2,1412,0
2,1413,0
2,1414,0
2,1415,0
2,1416,0
2,1417,0
2,1418,0
2,1419,0
2,1420,0
2,1421,0
2,1422,0
2,1423,0
2,1424,0
2,1425,0
2,1426,0
2,1427,0
2,1428,0
2,1429,0
2,1430,0
2,1431,0
2,1432,0
2,1433,0
2,1434,0
2,1435,0
2,1436,0
2,1437,0
2,1438,0
2,1439,0
2,1440,0
2,1441,0
2,1442,0
2,1443,0
2,1444,0
2,1445,0
2,1446,0
2,1447,0
2,1448,0
2,1449,0
2,1450,0
2,1451,0
2,1452,0
2,1453,0
2,1454,0
2,1455,0
2,1456,0
2,1457,0
2,1458,0
2,1459,0
2,1460,0
2,1461,0
2,1462,0
2,1463,0
2,1464,0
2,1465,0
2,1466,0
2,1467,0
2,1468,0
2,1469,0
2,1470,0
2,1471,0
2,1472,0
2,1473,0
2,1474,0
2,1475,0
2,1476,0
2,1477,0
2,1478,0
2,1479,0
2,1480,0
2,1481,0
2,1482,0
2,1483,0
2,1484,0
2,1485,0
2,1486,0
2,1487,0
2,1488,0
2,1489,0
2,1490,0
2,1491,0
2,1492,0
2,1493,0
2,1494,0
2,1495,0
2,1496,0
2,1497,0
2,1498,0
2,1499,0
2,1500,0
2,1501,0
2,1502,0
2,1503,0
2,1504,0
2,1505,0
2,1506,0
2,1507,0
2,1508,0
2,1509,0
2,1510,0
2,1511,0
2,1512,0
2,1513,0
2,1514,0
2,1515,0
2,1516,0
2,1517,0
2,1518,0
2,1519,0
2,1520,0
2,1521,0
2,1522,0
2,1523,0
2,1524,0
2,1525,0
2,1526,0
2,1527,0
2,1528,0
2,1529,0
2,1530,0
2,1531,0
2,1532,0
2,1533,0
2,1534,0
2,1535,0
2,1536,0
2,1537,0
2,1538,0
2,1539,0
2,1540,0
2,1541,0
2,1542,1
2,1543,0
2,1544,0
2,1545,0
2,1546,0
2,1547,0
2,1548,0
2,1549,0
2,1550,0
2,1551,0
2,1552,0
2,1553,0
2,1554,0
2,1555,0
2,1556,0
2,1557,0
2,1558,0
2,1559,0
2,1560,0
2,1561,0
2,1562,0
2,1563,0
2,1564,0
2,1565,0
2,1566,0
2,1567,0
2,1568,0
2,1569,0
2,1570,1
2,1571,1
2,1572,0
2,1573,0
2,1574,0
2,1575,0
2,1576,0
2,1577,0
2,1578,0
2,1579,0
2,1580,0
2,1581,0
2,1582,0
2,1583,0
2,1584,0
2,1585,0
2,1586,0
2,1587,0
2,1588,0
2,1589,0
2,1590,0
2,1591,0
2,1592,0
2,1593,0
2,1594,0
2,1595,0
2,1596,0
2,1597,0
2,1598,0
2,1599,0
2,1600,0
2,1601,0
2,1602,0
2,1603,0
2,1604,0
2,1605,0
2,1606,0
2,1607,0
2,1608,0
2,1609,0
2,1610,0
2,1611,0
2,1612,0
2,1613,0
2,1614,0
2,1615,0
2,1616,0
2,1617,0
2,1618,0
2,1619,0
2,1620,0
2,1621,0
2,1622,0
2,1623,0
2,1624,0
2,1625,0
2,1626,0
2,1627,0
2,1628,0
2,1629,0
2,1630,0
2,1631,0
2,1632,0
2,1633,0
2,1634,0
2,1635,0
2,1636,0
2,1637,0
2,1638,0
2,1639,0
2,1640,0
2,1641,0
2,1642,0
2,1643,0
2,1644,0
2,1645,0
2,1646,0
2,1647,0
2,1648,0
2,1649,0
2,1650,0
2,1651,0
2,1652,0
3,1,0
3,2,0
3,3,0
3,4,0
3,5,0
3,6,0
3,7,0
3,8,0
3,9,0
3,10,0
3,11,0
3,12,0
3,13,0
3,14,0
3,15,0
3,16,0
3,17,0
3,18,0
3,19,0
3,20,0
3,21,0
3,22,0
3,23,0
3,24,0
3,25,0
3,26,0
3,27,0
3,28,0
3,29,1
3,30,0
3,31,0
3,32,0
3,33,0
3,34,0
3,35,0
3,36,0
3,37,0
3,38,0
3,39,0
3,40,0
3,41,0
3,42,0
3,43,0
3,44,0
3,45,0
3,46,0
3,47,0
3,48,0
3,49,0
3,50,0
3,51,0
3,52,0
3,53,0
3,54,0
3,55,0
3,56,0
3,57,0
3,58,0
3,59,0
3,60,0
3,61,0
3,62,0
3,63,0
3,64,0
3,65,0
3,66,0
3,67,0
3,68,0
3,69,0
3,70,0
3,71,0
3,72,0
3,73,0
3,74,0
3,75,0
3,76,0
3,77,0
3,78,0
3,79,0
3,80,0
3,81,0
3,82,0
3,83,0
3,84,0
3,85,0
3,86,0
3,87,0
3,88,0
3,89,0
3,90,0
3,91,0
3,92,0
3,93,0
3,94,0
3,95,0
3,96,0
3,97,0
3,98,0
3,99,0
3,100,0
3,101,0
3,102,0
3,103,0
3,104,0
3,105,0
3,106,0
3,107,0
3,108,0
3,109,0
3,110,0
3,111,0
3,112,0
3,113,0
3,114,0
3,115,0
3,116,0
3,117,0
3,118,0
3,119,0
3,120,0
3,121,0
3,122,0
3,123,0
3,124,0
3,125,0
3,126,0
3,127,0
3,128,0
3,129,0
3,130,0
3,131,0
3,132,0
3,133,0
3,134,0
3,135,0
3,136,0
3,137,0
3,138,0
3,139,0
3,140,0
3,141,0
3,142,0
3,143,0
3,144,0
3,145,0
3,146,0
3,147,0
3,148,0
3,149,0
3,150,0
3,151,0
3,152,0
3,153,0
3,154,0
3,155,0
3,156,0
3,157,0
3,158,0
3,159,0
3,160,0
3,161,0
3,162,0
3,163,0
3,164,0
3,165,0
3,166,1
3,167,0
3,168,0
3,169,0
3,170,0
3,171,0
3,172,0
3,173,0
3,174,0
3,175,0
3,176,0
3,177,0
3,178,0
3,179,0
3,180,0
3,181,0
3,182,0
3,183,0
3,184,0
3,185,0
3,186,0
3,187,0
3,188,0
3,189,0
3,190,0
3,191,0
3,192,0
3,193,0
3,194,0
3,195,0
3,196,0
3,197,0
3,198,0
3,199,0
3,200,0
3,201,0
3,202,0
3,203,0
3,204,0
3,205,0
3,206,0
3,207,0
3,208,0
3,209,0
3,210,0
3,211,0
3,212,0
3,213,0
3,214,0
3,215,0
3,216,0
3,217,0
3,218,0
3,219,0
3,220,0
3,221,0
3,222,0
3,223,0
3,224,0
3,225,0
3,226,0
3,227,0
3,228,0
3,229,0
3,230,0
3,231,0
3,232,0
3,233,0
3,234,0
3,235,0
3,236,0
3,237,0
3,238,0
3,239,0
3,240,0
3,241,0
3,242,0
3,243,0
3,244,0
3,245,0
3,246,0
3,247,0
3,248,0
3,249,0
3,250,0
3,251,0
3,252,0
3,253,0
3,254,0
3,255,0
3,256,0
3,257,0
3,258,0
3,259,0
3,260,0
3,261,0
3,262,0
3,263,0
3,264,0
3,265,0
3,266,0
3,267,0
3,268,0
3,269,0
3,270,0
3,271,0
3,272,0
3,273,0
3,274,0
3,275,0
3,276,0
3,277,0
3,278,0
3,279,0
3,280,0
3,281,0
3,282,0
3,283,0
3,284,0
3,285,0
3,286,0
3,287,0
3,288,0
3,289,0
3,290,0
3,291,0
3,292,0
3,293,0
3,294,0
3,295,0
3,296,0
3,297,0
3,298,0
3,299,0
3,300,0
3,301,0
3,302,0
3,303,0
3,304,0
3,305,0
3,306,0
3,307,0
3,308,0
3,309,0
3,310,0
3,311,0
3,312,0
3,313,0
3,314,0
3,315,0
3,316,0
3,317,0
3,318,0
3,319,0
3,320,0
3,321,0
3,322,0
3,323,0
3,324,0
3,325,0
3,326,0
3,327,0
3,328,0
3,329,0
3,330,0
3,331,0
3,332,0
3,333,0
3,334,0
3,335,0
3,336,0
3,337,0
3,338,0
3,339,0
3,340,0
3,341,0
3,342,0
3,343,0
3,344,0
3,345,0
3,346,0
3,347,0
3,348,0
3,349,0
3,350,0
3,351,0
3,352,0
3,353,0
3,354,0
3,355,0
3,356,0
3,357,0
3,358,0
3,359,0
3,360,0
3,361,0
3,362,0
3,363,0
3,364,0
3,365,0
3,366,0
3,367,0
3,368,0
3,369,0
3,370,0
3,371,0
3,372,0
3,373,0
3,374,0
3,375,0
3,376,0
3,377,0
3,378,0
3,379,0
3,380,0
3,381,0
3,382,0
3,383,0
3,384,0
3,385,0
3,386,0
3,387,0
3,388,0
3,389,0
3,390,0
3,391,0
3,392,0
3,393,0
3,394,0
3,395,0
3,396,0
3,397,0
3,398,0
3,399,0
3,400,0
3,401,0
3,402,0
3,403,0
3,404,0
3,405,0
3,406,0
3,407,0
3,408,0
3,409,0
3,410,0
3,411,0
3,412,0
3,413,0
3,414,0
3,415,0
3,416,0
3,417,0
3,418,0
3,419,0
3,420,0
3,421,0
3,422,0
3,423,0
3,424,0
3,425,0
3,426,0
3,427,0
3,428,0
3,429,0
3,430,0
3,431,0
3,432,0
3,433,0
3,434,0
3,435,0
3,436,0
3,437,0
3,438,0
3,439,0
3,440,0
3,441,0
3,442,0
3,443,0
3,444,0
3,445,0
3,446,0
3,447,0
3,448,0
3,449,0
3,450,0
3,451,0
3,452,0
3,453,0
3,454,0
3,455,0
3,456,0
3,457,0
3,458,0
3,459,0
3,460,0
3,461,0
3,462,0
3,463,0
3,464,0
3,465,0
3,466,0
3,467,0
3,468,1
3,469,0
3,470,0
3,471,0
3,472,1
3,473,0
3,474,1
3,475,0
3,476,0
3,477,0
3,478,0
3,479,0
3,480,0
3,481,0
3,482,0
3,483,0
3,484,0
3,485,0
3,486,0
3,487,0
3,488,0
3,489,0
3,490,0
3,491,0
3,492,0
3,493,0
3,494,0
3,495,0
3,496,0
3,497,0
3,498,0
3,499,0
3,500,0
3,501,0
3,502,0
3,503,0
3,504,0
3,505,0
3,506,0
3,507,0
3,508,0
3,509,0
3,510,0
3,511,0
3,512,0
3,513,0
3,514,0
3,515,0
3,516,0
3,517,0
3,518,0
3,519,0
3,520,0
3,521,0
3,522,0
3,523,0
3,524,0
3,525,0
3,526,0
3,527,0
3,528,0
3,529,0
3,530,0
3,531,0
3,532,0
3,533,0
3,534,0
3,535,0
3,536,0
3,537,0
3,538,0
3,539,0
3,540,0
3,541,0
3,542,0
3,543,0
3,544,0
3,545,0
3,546,0
3,547,0
3,548,0
3,549,0
3,550,0
3,551,0
3,552,0
3,553,0
3,554,0
3,555,0
3,556,0
3,557,0
3,558,0
3,559,0
3,560,0
3,561,0
3,562,0
3,563,0
3,564,0
3,565,0
3,566,0
3,567,0
3,568,0
3,569,0
3,570,0
3,571,0
3,572,0
3,573,0
3,574,0
3,575,0
3,576,0
3,577,0
3,578,0
3,579,0
3,580,0
3,581,0
3,582,0
3,583,0
3,584,0
3,585,0
3,586,0
3,587,0
3,588,0
3,589,0
3,590,0
3,591,0
3,592,0
3,593,0
3,594,0
3,595,0
3,596,0
3,597,0
3,598,0
3,599,0
3,600,0
3,601,0
3,602,0
3,603,0
3,604,0
3,605,0
3,606,0
3,607,0
3,608,0
3,609,0
3,610,0
3,611,0
3,612,0
3,613,0
3,614,0
3,615,0
3,616,0
3,617,0
3,618,0
3,619,0
3,620,0
3,621,0
3,622,0
3,623,0
3,624,0
3,625,0
3,626,0
3,627,0
3,628,0
3,629,0
3,630,0
3,631,0
3,632,0
3,633,0
3,634,0
3,635,0
3,636,0
3,637,0
3,638,0
3,639,0
3,640,0
3,641,0
3,642,0
3,643,0
3,644,0
3,645,0
3,646,0
3,647,0
3,648,0
3,649,0
3,650,0
3,651,0
3,652,0
3,653,0
3,654,0
3,655,0
3,656,0
3,657,0
3,658,0
3,659,0
3,660,0
3,661,0
3,662,0
3,663,0
3,664,0
3,665,0
3,666,0
3,667,0
3,668,0
3,669,0
3,670,0
3,671,0
3,672,0
3,673,0
3,674,0
3,675,0
3,676,0
3,677,0
3,678,0
3,679,0
3,680,0
3,681,0
3,682,0
3,683,0
3,684,0
3,685,0
3,686,0
3,687,0
3,688,0
3,689,0
3,690,0
3,691,0
3,692,0
3,693,0
3,694,0
3,695,0
3,696,0
3,697,0
3,698,0
3,699,0
3,700,0
3,701,0
3,702,0
3,703,0
3,704,0
3,705,0
3,706,0
3,707,0
3,708,0
3,709,0
3,710,0
3,711,0
3,712,0
3,713,0
3,714,0
3,715,0
3,716,0
3,717,0
3,718,0
3,719,0
3,720,0
3,721,0
3,722,0
3,723,0
3,724,0
3,725,0
3,726,0
3,727,0
3,728,0
3,729,0
3,730,0
3,731,0
3,732,0
3,733,0
3,734,0
3,735,0
3,736,0
3,737,0
3,738,0
3,739,0
3,740,0
3,741,0
3,742,0
3,743,0
3,744,0
3,745,0
3,746,0
3,747,0
3,748,0
3,749,0
3,750,0
3,751,0
3,752,0
3,753,0
3,754,0
3,755,0
3,756,0
3,757,0
3,758,0
3,759,0
3,760,0
3,761,0
3,762,0
3,763,0
3,764,0
3,765,0
3,766,0
3,767,0
3,768,0
3,769,0
3,770,0
3,771,0
3,772,0
3,773,0
3,774,0
3,775,0
3,776,0
3,777,0
3,778,0
3,779,0
3,780,0
3,781,0
3,782,0
3,783,0
3,784,0
3,785,0
3,786,0
3,787,0
3,788,0
3,789,0
3,790,0
3,791,0
3,792,0
3,793,0
3,794,0
3,795,0
3,796,0
3,797,0
3,798,0
3,799,0
3,800,0
3,801,0
3,802,0
3,803,0
3,804,0
3,805,0
3,806,0
3,807,0
3,808,0
3,809,0
3,810,0
3,811,0
3,812,0
3,813,0
3,814,0
3,815,0
3,816,0
3,817,0
3,818,0
3,819,0
3,820,0
3,821,0
3,822,0
3,823,0
3,824,0
3,825,0
3,826,0
3,827,0
3,828,0
3,829,0
3,830,0
3,831,0
3,832,0
3,833,0
3,834,0
3,835,0
3,836,0
3,837,0
3,838,0
3,839,0
3,840,0
3,841,0
3,842,0
3,843,0
3,844,0
3,845,0
3,846,0
3,847,0
3,848,0
3,849,0
3,850,0
3,851,0
3,852,0
3,853,0
3,854,0
3,855,0
3,856,0
3,857,0
3,858,0
3,859,0
3,860,0
3,861,0
3,862,0
3,863,0
3,864,0
3,865,0
3,866,0
3,867,0
3,868,0
3,869,0
3,870,0
3,871,0
3,872,0
3,873,0
3,874,0
3,875,0
3,876,0
3,877,0
3,878,0
3,879,0
3,880,0
3,881,0
3,882,0
3,883,0
3,884,0
3,885,0
3,886,0
3,887,0
3,888,0
3,889,0
3,890,0
3,891,0
3,892,0
3,893,0
3,894,0
3,895,0
3,896,0
3,897,0
3,898,0
3,899,0
3,900,0
3,901,0
3,902,0
3,903,0
3,904,0
3,905,0
3,906,0
3,907,0
3,908,0
3,909,0
3,910,0
3,911,0
3,912,0
3,913,0
3,914,0
3,915,0
3,916,0
3,917,0
3,918,0
3,919,0
3,920,0
3,921,0
3,922,0
3,923,0
3,924,0
3,925,0
3,926,0
3,927,0
3,928,0
3,929,0
3,930,0
3,931,0
3,932,0
3,933,0
3,934,0
3,935,0
3,936,0
3,937,0
3,938,0
3,939,0
3,940,0
3,941,0
3,942,0
3,943,0
3,944,0
3,945,0
3,946,0
3,947,0
3,948,0
3,949,0
3,950,0
3,951,0
3,952,0
3,953,0
3,954,0
3,955,0
3,956,0
3,957,0
3,958,0
3,959,0
3,960,0
3,961,0
3,962,0
3,963,0
3,964,0
3,965,0
3,966,0
3,967,0
3,968,0
3,969,0
3,970,0
3,971,0
3,972,0
3,973,0
3,974,0
3,975,0
3,976,0
3,977,0
3,978,0
3,979,0
3,980,0
3,981,0
3,982,0
3,983,0
3,984,0
3,985,0
3,986,0
3,987,0
3,988,0
3,989,0
3,990,0
3,991,0
3,992,0
3,993,0
3,994,0
3,995,0
3,996,0
3,997,0
3,998,0
3,999,0
3,1000,0
3,1001,0
3,1002,0
3,1003,0
3,1004,0
3,1005,0
3,1006,0
3,1007,0
3,1008,0
3,1009,0
3,1010,0
3,1011,0
3,1012,0
3,1013,0
3,1014,0
3,1015,0
3,1016,0
3,1017,0
3,1018,0
3,1019,0
3,1020,0
3,1021,0
3,1022,0
3,1023,0
3,1024,0
3,1025,0
3,1026,0
3,1027,0
3,1028,0
3,1029,0
3,1030,0
3,1031,0
3,1032,0
3,1033,0
3,1034,0
3,1035,0
3,1036,0
3,1037,0
3,1038,0
3,1039,0
3,1040,0
3,1041,0
3,1042,0
3,1043,0
3,1044,0
3,1045,0
3,1046,0
3,1047,0
3,1048,0
3,1049,0
3,1050,0
3,1051,0
3,1052,0
3,1053,0
3,1054,0
3,1055,0
3,1056,0
3,1057,0
3,1058,0
3,1059,0
3,1060,0
3,1061,0
3,1062,0
3,1063,0
3,1064,0
3,1065,0
3,1066,0
3,1067,0
3,1068,0
3,1069,0
3,1070,0
3,1071,0
3,1072,0
3,1073,0
3,1074,0
3,1075,0
3,1076,0
3,1077,0
3,1078,0
3,1079,0
3,1080,0
3,1081,0
3,1082,0
3,1083,0
3,1084,0
3,1085,0
3,1086,0
3,1087,0
3,1088,0
3,1089,0
3,1090,0
3,1091,0
3,1092,0
3,1093,0
3,1094,0
3,1095,0
3,1096,0
3,1097,0
3,1098,0
3,1099,0
3,1100,0
3,1101,0
3,1102,0
3,1103,0
3,1104,0
3,1105,0
3,1106,0
3,1107,0
3,1108,0
3,1109,0
3,1110,0
3,1111,0
3,1112,0
3,1113,0
3,1114,0
3,1115,0
3,1116,0
3,1117,0
3,1118,0
3,1119,0
3,1120,0
3,1121,0
3,1122,0
3,1123,0
3,1124,0
3,1125,0
3,1126,0
3,1127,0
3,1128,0
3,1129,0
3,1130,0
3,1131,0
3,1132,0
3,1133,0
3,1134,0
3,1135,0
3,1136,0
3,1137,0
3,1138,0
3,1139,0
3,1140,0
3,1141,0
3,1142,0
3,1143,0
3,1144,0
3,1145,0
3,1146,0
3,1147,0
3,1148,0
3,1149,0
3,1150,0
3,1151,0
3,1152,0
3,1153,0
3,1154,0
3,1155,0
3,1156,0
3,1157,0
3,1158,0
3,1159,0
3,1160,0
3,1161,0
3,1162,0
3,1163,0
3,1164,0
3,1165,0
3,1166,0
3,1167,0
3,1168,0
3,1169,0
3,1170,0
3,1171,0
3,1172,0
3,1173,0
3,1174,0
3,1175,0
3,1176,0
3,1177,0
3,1178,0
3,1179,0
3,1180,0
3,1181,0
3,1182,0
3,1183,0
3,1184,0
3,1185,0
3,1186,0
3,1187,0
3,1188,0
3,1189,0
3,1190,0
3,1191,0
3,1192,0
3,1193,0
3,1194,0
3,1195,0
3,1196,0
3,1197,0
3,1198,0
3,1199,0
3,1200,0
3,1201,0
3,1202,0
3,1203,0
3,1204,0
3,1205,0
3,1206,0
3,1207,0
3,1208,0
3,1209,0
3,1210,0
3,1211,0
3,1212,0
3,1213,0
3,1214,0
3,1215,0
3,1216,0
3,1217,0
3,1218,0
3,1219,0
3,1220,0
3,1221,0
3,1222,0
3,1223,0
3,1224,0
3,1225,0
3,1226,0
3,1227,0
3,1228,0
3,1229,0
3,1230,0
3,1231,0
3,1232,0
3,1233,0
3,1234,0
3,1235,0
3,1236,0
3,1237,0
3,1238,0
3,1239,0
3,1240,0
3,1241,0
3,1242,0
3,1243,0
3,1244,0
3,1245,0
3,1246,0
3,1247,0
3,1248,0
3,1249,0
3,1250,0
3,1251,0
3,1252,0
3,1253,0
3,1254,0
3,1255,0
3,1256,0
3,1257,0
3,1258,0
3,1259,0
3,1260,0
3,1261,0
3,1262,0
3,1263,0
3,1264,0
3,1265,0
3,1266,0
3,1267,0
3,1268,0
3,1269,0
3,1270,0
3,1271,0
3,1272,0
3,1273,0
3,1274,0
3,1275,0
3,1276,0
3,1277,0
3,1278,0
3,1279,0
3,1280,0
3,1281,0
3,1282,0
3,1283,0
3,1284,0
3,1285,0
3,1286,0
3,1287,0
3,1288,0
3,1289,0
3,1290,0
3,1291,0
3,1292,0
3,1293,0
3,1294,0
3,1295,0
3,1296,0
3,1297,0
3,1298,0
3,1299,0
3,1300,0
3,1301,0
3,1302,0
3,1303,0
3,1304,0
3,1305,0
3,1306,0
3,1307,0
3,1308,0
3,1309,0
3,1310,0
3,1311,0
3,1312,0
3,1313,0
3,1314,0
3,1315,0
3,1316,0
3,1317,0
3,1318,0
3,1319,0
3,1320,0
3,1321,0
3,1322,0
3,1323,0
3,1324,0
3,1325,0
3,1326,0
3,1327,0
3,1328,0
3,1329,0
3,1330,0
3,1331,0
3,1332,0
3,1333,0
3,1334,0
3,1335,0
3,1336,0
3,1337,0
3,1338,0
3,1339,0
3,1340,0
3,1341,0
3,1342,0
3,1343,0
3,1344,0
3,1345,0
3,1346,0
3,1347,0
3,1348,0
3,1349,0
3,1350,0
3,1351,0
3,1352,0
3,1353,0
3,1354,0
3,1355,0
3,1356,0
3,1357,0
3,1358,0
3,1359,0
3,1360,0
3,1361,0
3,1362,0
3,1363,0
3,1364,0
3,1365,0
3,1366,0
3,1367,0
3,1368,0
3,1369,0
3,1370,0
3,1371,0
3,1372,0
3,1373,0
3,1374,0
3,1375,0
3,1376,0
3,1377,0
3,1378,0
3,1379,0
3,1380,0
3,1381,0
3,1382,0
3,1383,0
3,1384,0
3,1385,0
3,1386,0
3,1387,0
3,1388,0
3,1389,0
3,1390,0
3,1391,0
3,1392,0
3,1393,0
3,1394,0
3,1395,0
3,1396,0
3,1397,0
3,1398,0
3,1399,0
3,1400,0
3,1401,0
3,1402,0
3,1403,0
3,1404,0
3,1405,0
3,1406,0
3,1407,0
3,1408,0
3,1409,0
3,1410,0
3,1411,0
3,1412,0
3,1413,0
3,1414,0
3,1415,0
3,1416,0
3,1417,0
3,1418,0
3,1419,0
3,1420,0
3,1421,0
3,1422,0
3,1423,0
3,1424,0
3,1425,0
3,1426,0
3,1427,0
3,1428,0
3,1429,0
3,1430,0
3,1431,0
3,1432,0
3,1433,0
3,1434,0
3,1435,0
3,1436,0
3,1437,0
3,1438,0
3,1439,0
3,1440,0
3,1441,0
3,1442,0
3,1443,0
3,1444,0
3,1445,0
3,1446,0
3,1447,0
3,1448,0
3,1449,0
3,1450,0
3,1451,0
3,1452,0
3,1453,0
3,1454,0
3,1455,0
3,1456,0
3,1457,0
3,1458,0
3,1459,0
3,1460,0
3,1461,0
3,1462,0
3,1463,0
3,1464,0
3,1465,0
3,1466,0
3,1467,0
3,1468,0
3,1469,0
3,1470,0
3,1471,0
3,1472,0
3,1473,0
3,1474,0
3,1475,0
3,1476,0
3,1477,0
3,1478,0
3,1479,0
3,1480,0
3,1481,0
3,1482,0
3,1483,0
3,1484,0
3,1485,0
3,1486,0
3,1487,0
3,1488,0
3,1489,0
3,1490,0
3,1491,0
3,1492,0
3,1493,0
3,1494,0
3,1495,0
3,1496,0
3,1497,0
3,1498,0
3,1499,0
3,1500,0
3,1501,0
3,1502,0
3,1503,0
3,1504,0
3,1505,0
3,1506,0
3,1507,0
3,1508,0
3,1509,0
3,1510,0
3,1511,0
3,1512,0
3,1513,0
3,1514,0
3,1515,0
3,1516,0
3,1517,0
3,1518,0
3,1519,0
3,1520,0
3,1521,0
3,1522,0
3,1523,0
3,1524,0
3,1525,0
3,1526,0
3,1527,0
3,1528,0
3,1529,0
3,1530,0
3,1531,0
3,1532,0
3,1533,0
3,1534,0
3,1535,0
3,1536,0
3,1537,0
3,1538,0
3,1539,0
3,1540,0
3,1541,0
3,1542,0
3,1543,0
3,1544,0
3,1545,0
3,1546,0
3,1547,0
3,1548,0
3,1549,0
3,1550,0
3,1551,0
3,1552,0
3,1553,0
3,1554,0
3,1555,0
3,1556,0
3,1557,0
3,1558,0
3,1559,0
3,1560,0
3,1561,0
3,1562,0
3,1563,0
3,1564,0
3,1565,0
3,1566,0
3,1567,0
3,1568,0
3,1569,0
3,1570,0
3,1571,0
3,1572,0
3,1573,0
3,1574,0
3,1575,0
3,1576,0
3,1577,0
3,1578,0
3,1579,0
3,1580,0
3,1581,0
3,1582,0
3,1583,0
3,1584,0
3,1585,0
3,1586,0
3,1587,0
3,1588,0
3,1589,0
3,1590,0
3,1591,0
3,1592,0
3,1593,0
3,1594,0
3,1595,0
3,1596,0
3,1597,0
3,1598,0
3,1599,0
3,1600,0
3,1601,0
3,1602,0
3,1603,0
3,1604,0
3,1605,0
3,1606,0
3,1607,0
3,1608,0
3,1609,0
3,1610,0
3,1611,0
3,1612,0
3,1613,0
3,1614,0
3,1615,0
3,1616,0
3,1617,0
3,1618,0
3,1619,0
3,1620,0
3,1621,0
3,1622,0
3,1623,0
3,1624,0
3,1625,0
3,1626,0
3,1627,0
3,1628,0
3,1629,0
3,1630,0
3,1631,0
3,1632,0
3,1633,0
3,1634,0
3,1635,0
3,1636,0
3,1637,0
3,1638,0
3,1639,0
3,1640,0
3,1641,0
3,1642,0
3,1643,0
3,1644,0
3,1645,0
3,1646,0
3,1647,0
3,1648,0
3,1649,0
3,1650,0
3,1651,0
3,1652,0
4,1,0
4,2,0
4,3,0
4,4,0
4,5,0
4,6,0
4,7,0
4,8,0
4,9,0
4,10,0
4,11,0
4,12,0
4,13,0
4,14,0
4,15,0
4,16,0
4,17,0
4,18,0
4,19,0
4,20,0
4,21,0
4,22,0
4,23,0
4,24,0
4,25,0
4,26,0
4,27,0
4,28,0
4,29,0
4,30,0
4,31,0
4,32,0
4,33,0
4,34,0
4,35,0
4,36,0
4,37,0
4,38,0
4,39,0
4,40,0
4,41,0
4,42,0
4,43,0
4,44,0
4,45,0
4,46,0
4,47,0
4,48,0
4,49,0
4,50,0
4,51,0
4,52,0
4,53,0
4,54,0
4,55,0
4,56,0
4,57,0
4,58,0
4,59,0
4,60,0
4,61,0
4,62,0
4,63,0
4,64,0
4,65,0
4,66,0
4,67,0
4,68,0
4,69,0
4,70,0
4,71,0
4,72,0
4,73,0
4,74,0
4,75,0
4,76,0
4,77,0
4,78,0
4,79,0
4,80,0
4,81,0
4,82,0
4,83,0
4,84,0
4,85,0
4,86,0
4,87,0
4,88,0
4,89,0
4,90,0
4,91,0
4,92,0
4,93,0
4,94,0
4,95,0
4,96,0
4,97,0
4,98,0
4,99,0
4,100,0
4,101,0
4,102,0
4,103,0
4,104,0
4,105,0
4,106,0
4,107,0
4,108,0
4,109,0
4,110,0
4,111,0
4,112,0
4,113,0
4,114,0
4,115,0
4,116,0
4,117,0
4,118,0
4,119,0
4,120,0
4,121,0
4,122,0
4,123,0
4,124,0
4,125,0
4,126,0
4,127,0
4,128,0
4,129,0
4,130,0
4,131,0
4,132,0
4,133,0
4,134,0
4,135,0
4,136,0
4,137,0
4,138,0
4,139,0
4,140,0
4,141,0
4,142,0
4,143,0
4,144,0
4,145,0
4,146,0
4,147,0
4,148,0
4,149,0
4,150,0
4,151,0
4,152,0
4,153,0
4,154,0
4,155,0
4,156,0
4,157,0
4,158,0
4,159,0
4,160,0
4,161,0
4,162,0
4,163,0
4,164,0
4,165,0
4,166,0
4,167,0
4,168,0
4,169,0
4,170,0
4,171,0
4,172,0
4,173,0
4,174,0
4,175,0
4,176,0
4,177,0
4,178,0
4,179,0
4,180,0
4,181,0
4,182,0
4,183,0
4,184,0
4,185,0
4,186,0
4,187,0
4,188,0
4,189,0
4,190,0
4,191,0
4,192,0
4,193,0
4,194,0
4,195,0
4,196,0
4,197,0
4,198,0
4,199,0
4,200,0
4,201,0
4,202,0
4,203,0
4,204,0
4,205,0
4,206,0
4,207,0
4,208,0
4,209,0
4,210,0
4,211,0
4,212,0
4,213,0
4,214,0
4,215,0
4,216,0
4,217,0
4,218,0
4,219,0
4,220,0
4,221,0
4,222,0
4,223,0
4,224,0
4,225,0
4,226,0
4,227,0
4,228,0
4,229,0
4,230,0
4,231,0
4,232,0
4,233,0
4,234,0
4,235,0
4,236,0
4,237,0
4,238,0
4,239,0
4,240,0
4,241,0
4,242,0
4,243,0
4,244,0
4,245,0
4,246,0
4,247,0
4,248,0
4,249,0
4,250,0
4,251,0
4,252,0
4,253,0
4,254,0
4,255,0
4,256,0
4,257,0
4,258,0
4,259,0
4,260,0
4,261,0
4,262,0
4,263,0
4,264,0
4,265,0
4,266,0
4,267,0
4,268,0
4,269,0
4,270,0
4,271,0
4,272,0
4,273,0
4,274,0
4,275,0
4,276,0
4,277,0
4,278,0
4,279,0
4,280,0
4,281,0
4,282,0
4,283,0
4,284,0
4,285,0
4,286,0
4,287,0
4,288,0
4,289,0
4,290,0
4,291,0
4,292,0
4,293,0
4,294,0
4,295,0
4,296,0
4,297,0
4,298,0
4,299,0
4,300,0
4,301,0
4,302,0
4,303,0
4,304,0
4,305,0
4,306,0
4,307,0
4,308,0
4,309,0
4,310,0
4,311,0
4,312,0
4,313,0
4,314,0
4,315,0
4,316,0
4,317,0
4,318,0
4,319,0
4,320,0
4,321,0
4,322,0
4,323,0
4,324,0
4,325,0
4,326,0
4,327,0
4,328,0
4,329,0
4,330,0
4,331,0
4,332,0
4,333,0
4,334,0
4,335,0
4,336,0
4,337,0
4,338,0
4,339,0
4,340,0
4,341,0
4,342,0
4,343,0
4,344,0
4,345,0
4,346,0
4,347,0
4,348,0
4,349,0
4,350,0
4,351,0
4,352,0
4,353,0
4,354,0
4,355,0
4,356,0
4,357,0
4,358,0
4,359,0
4,360,0
4,361,0
4,362,0
4,363,0
4,364,0
4,365,0
4,366,0
4,367,0
4,368,0
4,369,0
4,370,0
4,371,0
4,372,0
4,373,0
4,374,0
4,375,0
4,376,0
4,377,0
4,378,0
4,379,0
4,380,0
4,381,0
4,382,0
4,383,0
4,384,0
4,385,0
4,386,0
4,387,0
4,388,0
4,389,0
4,390,0
4,391,0
4,392,0
4,393,0
4,394,0
4,395,0
4,396,0
4,397,0
4,398,0
4,399,0
4,400,0
4,401,0
4,402,0
4,403,0
4,404,0
4,405,0
4,406,0
4,407,0
4,408,0
4,409,0
4,410,0
4,411,0
4,412,0
4,413,0
4,414,0
4,415,0
4,416,0
4,417,0
4,418,0
4,419,0
4,420,0
4,421,0
4,422,0
4,423,0
4,424,0
4,425,0
4,426,0
4,427,0
4,428,0
4,429,0
4,430,0
4,431,0
4,432,0
4,433,0
4,434,0
4,435,0
4,436,0
4,437,0
4,438,0
4,439,0
4,440,0
4,441,0
4,442,0
4,443,0
4,444,0
4,445,0
4,446,0
4,447,0
4,448,0
4,449,0
4,450,0
4,451,0
4,452,0
4,453,0
4,454,0
4,455,0
4,456,0
4,457,0
4,458,0
4,459,0
4,460,0
4,461,0
4,462,0
4,463,0
4,464,0
4,465,0
4,466,0
4,467,0
4,468,0
4,469,0
4,470,0
4,471,0
4,472,0
4,473,0
4,474,0
4,475,0
4,476,0
4,477,0
4,478,0
4,479,0
4,480,0
4,481,0
4,482,0
4,483,0
4,484,0
4,485,0
4,486,0
4,487,0
4,488,0
4,489,0
4,490,0
4,491,0
4,492,0
4,493,0
4,494,0
4,495,0
4,496,0
4,497,0
4,498,0
4,499,0
4,500,0
4,501,0
4,502,0
4,503,0
4,504,0
4,505,0
4,506,0
4,507,0
4,508,0
4,509,0
4,510,0
4,511,0
4,512,0
4,513,0
4,514,0
4,515,0
4,516,0
4,517,0
4,518,0
4,519,0
4,520,0
4,521,0
4,522,0
4,523,0
4,524,0
4,525,0
4,526,0
4,527,0
4,528,0
4,529,0
4,530,0
4,531,0
4,532,0
4,533,0
4,534,0
4,535,0
4,536,0
4,537,0
4,538,0
4,539,0
4,540,0
4,541,0
4,542,0
4,543,0
4,544,0
4,545,0
4,546,0
4,547,0
4,548,0
4,549,0
4,550,0
4,551,0
4,552,0
4,553,0
4,554,0
4,555,0
4,556,0
4,557,0
4,558,0
4,559,0
4,560,0
4,561,0
4,562,0
4,563,0
4,564,0
4,565,0
4,566,0
4,567,0
4,568,0
4,569,0
4,570,0
4,571,0
4,572,0
4,573,0
4,574,0
4,575,0
4,576,0
4,577,0
4,578,0
4,579,0
4,580,0
4,581,0
4,582,0
4,583,0
4,584,0
4,585,0
4,586,0
4,587,0
4,588,0
4,589,0
4,590,0
4,591,0
4,592,0
4,593,0
4,594,0
4,595,0
4,596,0
4,597,0
4,598,0
4,599,0
4,600,0
4,601,0
4,602,0
4,603,0
4,604,0
4,605,0
4,606,0
4,607,0
4,608,0
4,609,0
4,610,0
4,611,0
4,612,0
4,613,0
4,614,0
4,615,0
4,616,0
4,617,0
4,618,0
4,619,0
4,620,0
4,621,0
4,622,0
4,623,0
4,624,0
4,625,0
4,626,0
4,627,0
4,628,0
4,629,0
4,630,0
4,631,0
4,632,0
4,633,0
4,634,0
4,635,0
4,636,0
4,637,0
4,638,0
4,639,0
4,640,0
4,641,0
4,642,0
4,643,0
4,644,0
4,645,0
4,646,1
4,647,0
4,648,0
4,649,0
4,650,0
4,651,0
4,652,0
4,653,0
4,654,0
4,655,0
4,656,0
4,657,0
4,658,0
4,659,1
4,660,0
4,661,0
4,662,0
4,663,0
4,664,0
4,665,0
4,666,0
4,667,0
4,668,0
4,669,0
4,670,0
4,671,0
4,672,0
4,673,0
4,674,0
4,675,0
4,676,0
4,677,0
4,678,0
4,679,0
4,680,0
4,681,0
4,682,0
4,683,0
4,684,0
4,685,0
4,686,0
4,687,0
4,688,0
4,689,0
4,690,0
4,691,0
4,692,0
4,693,0
4,694,0
4,695,0
4,696,0
4,697,0
4,698,0
4,699,0
4,700,0
4,701,0
4,702,0
4,703,0
4,704,0
4,705,0
4,706,0
4,707,0
4,708,0
4,709,0
4,710,0
4,711,0
4,712,0
4,713,0
4,714,0
4,715,0
4,716,0
4,717,0
4,718,0
4,719,0
4,720,0
4,721,0
4,722,0
4,723,0
4,724,0
4,725,0
4,726,0
4,727,0
4,728,0
4,729,0
4,730,0
4,731,0
4,732,0
4,733,0
4,734,0
4,735,0
4,736,0
4,737,0
4,738,0
4,739,0
4,740,0
4,741,0
4,742,0
4,743,0
4,744,0
4,745,0
4,746,0
4,747,0
4,748,0
4,749,0
4,750,0
4,751,0
4,752,0
4,753,0
4,754,0
4,755,0
4,756,0
4,757,0
4,758,0
4,759,0
4,760,0
4,761,0
4,762,0
4,763,0
4,764,0
4,765,0
4,766,0
4,767,0
4,768,0
4,769,0
4,770,0
4,771,0
4,772,0
4,773,0
4,774,0
4,775,0
4,776,0
4,777,0
4,778,0
4,779,0
4,780,0
4,781,0
4,782,0
4,783,0
4,784,0
4,785,0
4,786,0
4,787,0
4,788,0
4,789,0
4,790,0
4,791,0
4,792,0
4,793,0
4,794,0
4,795,0
4,796,0
4,797,0
4,798,0
4,799,0
4,800,0
4,801,0
4,802,0
4,803,0
4,804,0
4,805,0
4,806,0
4,807,0
4,808,0
4,809,0
4,810,0
4,811,0
4,812,0
4,813,0
4,814,0
4,815,0
4,816,0
4,817,0
4,818,0
4,819,0
4,820,0
4,821,0
4,822,0
4,823,0
4,824,0
4,825,0
4,826,0
4,827,0
4,828,0
4,829,0
4,830,0
4,831,0
4,832,0
4,833,0
4,834,0
4,835,0
4,836,0
4,837,0
4,838,0
4,839,0
4,840,0
4,841,0
4,842,0
4,843,0
4,844,0
4,845,0
4,846,0
4,847,0
4,848,0
4,849,0
4,850,0
4,851,0
4,852,0
4,853,0
4,854,0
4,855,0
4,856,0
4,857,0
4,858,0
4,859,0
4,860,0
4,861,0
4,862,0
4,863,0
4,864,0
4,865,0
4,866,0
4,867,0
4,868,0
4,869,0
4,870,0
4,871,0
4,872,0
4,873,0
4,874,0
4,875,0
4,876,0
4,877,0
4,878,0
4,879,0
4,880,0
4,881,0
4,882,0
4,883,0
4,884,0
4,885,0
4,886,0
4,887,0
4,888,0
4,889,0
4,890,0
4,891,0
4,892,0
4,893,0
4,894,0
4,895,0
4,896,0
4,897,0
4,898,0
4,899,0
4,900,0
4,901,0
4,902,0
4,903,0
4,904,0
4,905,0
4,906,0
4,907,0
4,908,0
4,909,0
4,910,0
4,911,0
4,912,0
4,913,0
4,914,0
4,915,0
4,916,0
4,917,0
4,918,0
4,919,0
4,920,0
4,921,0
4,922,0
4,923,0
4,924,0
4,925,0
4,926,0
4,927,0
4,928,0
4,929,0
4,930,0
4,931,0
4,932,0
4,933,0
4,934,0
4,935,0
4,936,0
4,937,0
4,938,0
4,939,0
4,940,0
4,941,0
4,942,0
4,943,0
4,944,0
4,945,0
4,946,0
4,947,0
4,948,0
4,949,0
4,950,0
4,951,0
4,952,0
4,953,0
4,954,0
4,955,0
4,956,0
4,957,0
4,958,0
4,959,0
4,960,0
4,961,0
4,962,0
4,963,0
4,964,0
4,965,0
4,966,0
4,967,0
4,968,0
4,969,0
4,970,0
4,971,0
4,972,0
4,973,0
4,974,0
4,975,0
4,976,0
4,977,0
4,978,0
4,979,0
4,980,0
4,981,0
4,982,0
4,983,0
4,984,0
4,985,0
4,986,0
4,987,0
4,988,0
4,989,0
4,990,0
4,991,0
4,992,0
4,993,0
4,994,0
4,995,0
4,996,0
4,997,0
4,998,0
4,999,0
4,1000,0
4,1001,0
4,1002,0
4,1003,0
4,1004,0
4,1005,0
4,1006,0
4,1007,0
4,1008,0
4,1009,0
4,1010,0
4,1011,0
4,1012,0
4,1013,0
4,1014,0
4,1015,0
4,1016,0
4,1017,0
4,1018,0
4,1019,0
4,1020,0
4,1021,0
4,1022,0
4,1023,0
4,1024,0
4,1025,0
4,1026,0
4,1027,0
4,1028,0
4,1029,0
4,1030,0
4,1031,0
4,1032,0
4,1033,0
4,1034,0
4,1035,0
4,1036,0
4,1037,0
4,1038,0
4,1039,0
4,1040,0
4,1041,0
4,1042,0
4,1043,0
4,1044,0
4,1045,0
4,1046,0
4,1047,0
4,1048,0
4,1049,0
4,1050,0
4,1051,0
4,1052,0
4,1053,0
4,1054,0
4,1055,0
4,1056,0
4,1057,0
4,1058,0
4,1059,0
4,1060,0
4,1061,0
4,1062,0
4,1063,0
4,1064,0
4,1065,0
4,1066,0
4,1067,0
4,1068,0
4,1069,0
4,1070,0
4,1071,0
4,1072,0
4,1073,0
4,1074,0
4,1075,0
4,1076,0
4,1077,0
4,1078,0
4,1079,0
4,1080,0
4,1081,0
4,1082,0
4,1083,0
4,1084,0
4,1085,0
4,1086,0
4,1087,0
4,1088,0
4,1089,0
4,1090,0
4,1091,0
4,1092,0
4,1093,0
4,1094,0
4,1095,0
4,1096,0
4,1097,0
4,1098,0
4,1099,0
4,1100,0
4,1101,0
4,1102,0
4,1103,0
4,1104,0
4,1105,0
4,1106,0
4,1107,0
4,1108,0
4,1109,0
4,1110,0
4,1111,0
4,1112,0
4,1113,0
4,1114,0
4,1115,0
4,1116,0
4,1117,0
4,1118,0
4,1119,0
4,1120,0
4,1121,0
4,1122,0
4,1123,0
4,1124,0
4,1125,0
4,1126,0
4,1127,0
4,1128,0
4,1129,0
4,1130,0
4,1131,0
4,1132,0
4,1133,0
4,1134,0
4,1135,0
4,1136,0
4,1137,0
4,1138,0
4,1139,0
4,1140,0
4,1141,0
4,1142,0
4,1143,0
4,1144,0
4,1145,0
4,1146,0
4,1147,0
4,1148,0
4,1149,0
4,1150,0
4,1151,0
4,1152,0
4,1153,0
4,1154,0
4,1155,0
4,1156,0
4,1157,0
4,1158,0
4,1159,0
4,1160,0
4,1161,0
4,1162,0
4,1163,0
4,1164,0
4,1165,0
4,1166,0
4,1167,0
4,1168,0
4,1169,0
4,1170,0
4,1171,0
4,1172,0
4,1173,0
4,1174,0
4,1175,0
4,1176,0
4,1177,0
4,1178,0
4,1179,0
4,1180,0
4,1181,0
4,1182,0
4,1183,0
4,1184,0
4,1185,0
4,1186,0
4,1187,0
4,1188,0
4,1189,0
4,1190,0
4,1191,0
4,1192,0
4,1193,0
4,1194,0
4,1195,0
4,1196,1
4,1197,0
4,1198,0
4,1199,0
4,1200,0
4,1201,0
4,1202,0
4,1203,0
4,1204,0
4,1205,0
4,1206,0
4,1207,0
4,1208,0
4,1209,0
4,1210,0
4,1211,0
4,1212,0
4,1213,0
4,1214,0
4,1215,0
4,1216,0
4,1217,0
4,1218,0
4,1219,0
4,1220,0
4,1221,0
4,1222,0
4,1223,0
4,1224,0
4,1225,0
4,1226,0
4,1227,0
4,1228,0
4,1229,0
4,1230,0
4,1231,0
4,1232,0
4,1233,0
4,1234,0
4,1235,0
4,1236,0
4,1237,0
4,1238,0
4,1239,0
4,1240,0
4,1241,0
4,1242,0
4,1243,0
4,1244,0
4,1245,0
4,1246,0
4,1247,0
4,1248,0
4,1249,0
4,1250,0
4,1251,0
4,1252,0
4,1253,0
4,1254,0
4,1255,0
4,1256,0
4,1257,0
4,1258,0
4,1259,0
4,1260,0
4,1261,0
4,1262,0
4,1263,0
4,1264,0
4,1265,0
4,1266,0
4,1267,0
4,1268,0
4,1269,0
4,1270,0
4,1271,0
4,1272,0
4,1273,0
4,1274,0
4,1275,0
4,1276,0
4,1277,0
4,1278,0
4,1279,0
4,1280,0
4,1281,0
4,1282,0
4,1283,0
4,1284,0
4,1285,0
4,1286,0
4,1287,0
4,1288,1
4,1289,0
4,1290,0
4,1291,0
4,1292,0
4,1293,0
4,1294,0
4,1295,0
4,1296,0
4,1297,0
4,1298,0
4,1299,0
4,1300,0
4,1301,0
4,1302,0
4,1303,0
4,1304,0
4,1305,0
4,1306,0
4,1307,0
4,1308,0
4,1309,0
4,1310,0
4,1311,0
4,1312,0
4,1313,0
4,1314,0
4,1315,0
4,1316,0
4,1317,0
4,1318,0
4,1319,0
4,1320,0
4,1321,0
4,1322,0
4,1323,0
4,1324,0
4,1325,0
4,1326,0
4,1327,0
4,1328,0
4,1329,0
4,1330,0
4,1331,0
4,1332,0
4,1333,0
4,1334,0
4,1335,0
4,1336,0
4,1337,0
4,1338,0
4,1339,0
4,1340,0
4,1341,0
4,1342,0
4,1343,0
4,1344,0
4,1345,0
4,1346,0
4,1347,0
4,1348,0
4,1349,0
4,1350,0
4,1351,0
4,1352,0
4,1353,0
4,1354,0
4,1355,0
4,1356,0
4,1357,0
4,1358,0
4,1359,0
4,1360,0
4,1361,0
4,1362,0
4,1363,0
4,1364,0
4,1365,0
4,1366,0
4,1367,0
4,1368,0
4,1369,0
4,1370,0
4,1371,0
4,1372,0
4,1373,0
4,1374,0
4,1375,0
4,1376,0
4,1377,0
4,1378,0
4,1379,0
4,1380,0
4,1381,0
4,1382,0
4,1383,0
4,1384,0
4,1385,0
4,1386,0
4,1387,0
4,1388,0
4,1389,0
4,1390,0
4,1391,0
4,1392,0
4,1393,0
4,1394,0
4,1395,0
4,1396,0
4,1397,0
4,1398,0
4,1399,0
4,1400,0
4,1401,0
4,1402,0
4,1403,0
4,1404,0
4,1405,0
4,1406,0
4,1407,0
4,1408,0
4,1409,0
4,1410,0
4,1411,0
4,1412,0
4,1413,0
4,1414,0
4,1415,0
4,1416,0
4,1417,0
4,1418,0
4,1419,0
4,1420,0
4,1421,0
4,1422,0
4,1423,0
4,1424,0
4,1425,0
4,1426,0
4,1427,0
4,1428,0
4,1429,0
4,1430,0
4,1431,0
4,1432,0
4,1433,0
4,1434,0
4,1435,0
4,1436,0
4,1437,0
4,1438,0
4,1439,0
4,1440,0
4,1441,0
4,1442,0
4,1443,0
4,1444,0
4,1445,0
4,1446,0
4,1447,0
4,1448,0
4,1449,0
4,1450,0
4,1451,0
4,1452,0
4,1453,0
4,1454,0
4,1455,0
4,1456,0
4,1457,0
4,1458,0
4,1459,0
4,1460,0
4,1461,0
4,1462,0
4,1463,0
4,1464,0
4,1465,0
4,1466,0
4,1467,0
4,1468,0
4,1469,0
4,1470,0
4,1471,0
4,1472,0
4,1473,0
4,1474,0
4,1475,0
4,1476,0
4,1477,0
4,1478,0
4,1479,0
4,1480,0
4,1481,0
4,1482,0
4,1483,0
4,1484,0
4,1485,0
4,1486,0
4,1487,0
4,1488,0
4,1489,0
4,1490,0
4,1491,0
4,1492,0
4,1493,0
4,1494,0
4,1495,0
4,1496,0
4,1497,0
4,1498,0
4,1499,0
4,1500,0
4,1501,0
4,1502,0
4,1503,0
4,1504,0
4,1505,0
4,1506,0
4,1507,0
4,1508,0
4,1509,0
4,1510,0
4,1511,0
4,1512,0
4,1513,0
4,1514,0
4,1515,0
4,1516,0
4,1517,0
4,1518,0
4,1519,0
4,1520,0
4,1521,0
4,1522,0
4,1523,0
4,1524,0
4,1525,0
4,1526,0
4,1527,0
4,1528,0
4,1529,0
4,1530,0
4,1531,0
4,1532,0
4,1533,0
4,1534,0
4,1535,0
4,1536,0
4,1537,0
4,1538,0
4,1539,0
4,1540,0
4,1541,0
4,1542,0
4,1543,0
4,1544,0
4,1545,0
4,1546,0
4,1547,0
4,1548,0
4,1549,0
4,1550,0
4,1551,0
4,1552,0
4,1553,0
4,1554,0
4,1555,0
4,1556,0
4,1557,0
4,1558,0
4,1559,0
4,1560,0
4,1561,0
4,1562,0
4,1563,0
4,1564,0
4,1565,0
4,1566,0
4,1567,0
4,1568,0
4,1569,0
4,1570,0
4,1571,0
4,1572,0
4,1573,0
4,1574,0
4,1575,0
4,1576,0
4,1577,0
4,1578,0
4,1579,0
4,1580,0
4,1581,0
4,1582,0
4,1583,0
4,1584,0
4,1585,0
4,1586,0
4,1587,0
4,1588,0
4,1589,0
4,1590,0
4,1591,0
4,1592,0
4,1593,0
4,1594,0
4,1595,0
4,1596,0
4,1597,0
4,1598,0
4,1599,0
4,1600,0
4,1601,0
4,1602,0
4,1603,0
4,1604,0
4,1605,0
4,1606,0
4,1607,0
4,1608,0
4,1609,0
4,1610,0
4,1611,0
4,1612,0
4,1613,0
4,1614,0
4,1615,0
4,1616,0
4,1617,0
4,1618,0
4,1619,0
4,1620,0
4,1621,0
4,1622,0
4,1623,0
4,1624,0
4,1625,0
4,1626,0
4,1627,0
4,1628,0
4,1629,0
4,1630,0
4,1631,0
4,1632,0
4,1633,0
4,1634,0
4,1635,0
4,1636,0
4,1637,0
4,1638,0
4,1639,0
4,1640,0
4,1641,0
4,1642,0
4,1643,0
4,1644,0
4,1645,0
4,1646,0
4,1647,0
4,1648,0
4,1649,0
4,1650,0
4,1651,0
4,1652,0
21,1,0
21,2,0
21,3,0
21,4,0
21,5,0
21,6,0
21,7,0
21,8,0
21,9,0
21,10,0
21,11,0
21,12,0
21,13,0
21,14,0
21,15,0
21,16,0
21,17,0
21,18,0
21,19,0
21,20,0
21,21,0
21,22,0
21,23,0
21,24,0
21,25,0
21,26,0
21,27,0
21,28,0
21,29,1
21,30,0
21,31,0
21,32,0
21,33,0
21,34,0
21,35,1
21,36,0
21,37,0
21,38,0
21,39,0
21,40,0
21,41,0
21,42,0
21,43,0
21,44,0
21,45,0
21,46,0
21,47,0
21,48,0
21,49,0
21,50,0
21,51,0
21,52,0
21,53,0
21,54,0
21,55,0
21,56,0
21,57,0
21,58,0
21,59,0
21,60,0
21,61,0
21,62,0
21,63,0
21,64,0
21,65,0
21,66,0
21,67,0
21,68,0
21,69,0
21,70,0
21,71,0
21,72,0
21,73,0
21,74,0
21,75,0
21,76,0
21,77,0
21,78,0
21,79,0
21,80,0
21,81,0
21,82,0
21,83,0
21,84,0
21,85,0
21,86,0
21,87,0
21,88,0
21,89,0
21,90,0
21,91,0
21,92,0
21,93,0
21,94,0
21,95,0
21,96,0
21,97,0
21,98,0
21,99,0
21,100,0
21,101,0
21,102,0
21,103,0
21,104,0
21,105,0
21,106,0
21,107,0
21,108,0
21,109,0
21,110,0
21,111,0
21,112,0
21,113,0
21,114,0
21,115,0
21,116,0
21,117,0
21,118,0
21,119,0
21,120,0
21,121,0
21,122,0
21,123,0
21,124,0
21,125,0
21,126,0
21,127,0
21,128,0
21,129,0
21,130,0
21,131,0
21,132,0
21,133,0
21,134,0
21,135,0
21,136,0
21,137,0
21,138,0
21,139,0
21,140,0
21,141,0
21,142,0
21,143,0
21,144,0
21,145,0
21,146,0
21,147,0
21,148,0
21,149,0
21,150,0
21,151,0
21,152,0
21,153,0
21,154,0
21,155,0
21,156,0
21,157,0
21,158,0
21,159,0
21,160,0
21,161,0
21,162,0
21,163,0
21,164,0
21,165,0
21,166,0
21,167,0
21,168,0
21,169,0
21,170,0
21,171,0
21,172,0
21,173,0
21,174,0
21,175,0
21,176,0
21,177,0
21,178,0
21,179,0
21,180,0
21,181,0
21,182,0
21,183,0
21,184,0
21,185,0
21,186,0
21,187,0
21,188,0
21,189,0
21,190,0
21,191,0
21,192,0
21,193,0
21,194,0
21,195,0
21,196,0
21,197,0
21,198,0
21,199,0
21,200,0
21,201,0
21,202,0
21,203,0
21,204,0
21,205,0
21,206,0
21,207,0
21,208,0
21,209,0
21,210,0
21,211,0
21,212,0
21,213,0
21,214,0
21,215,0
21,216,0
21,217,0
21,218,0
21,219,0
21,220,0
21,221,0
21,222,0
21,223,0
21,224,0
21,225,0
21,226,0
21,227,0
21,228,0
21,229,0
21,230,0
21,231,0
21,232,0
21,233,0
21,234,0
21,235,0
21,236,0
21,237,0
21,238,0
21,239,0
21,240,0
21,241,0
21,242,0
21,243,0
21,244,0
21,245,0
21,246,0
21,247,0
21,248,0
21,249,0
21,250,0
21,251,0
21,252,0
21,253,0
21,254,0
21,255,0
21,256,0
21,257,0
21,258,0
21,259,0
21,260,0
21,261,0
21,262,0
21,263,0
21,264,0
21,265,0
21,266,0
21,267,0
21,268,0
21,269,0
21,270,0
21,271,0
21,272,0
21,273,0
21,274,0
21,275,0
21,276,0
21,277,0
21,278,0
21,279,0
21,280,0
21,281,0
21,282,0
21,283,0
21,284,0
21,285,0
21,286,0
21,287,0
21,288,0
21,289,0
21,290,0
21,291,0
21,292,0
21,293,0
21,294,0
21,295,0
21,296,0
21,297,0
21,298,0
21,299,0
21,300,0
21,301,0
21,302,0
21,303,0
21,304,0
21,305,0
21,306,0
21,307,0
21,308,0
21,309,0
21,310,0
21,311,0
21,312,0
21,313,0
21,314,0
21,315,0
21,316,0
21,317,0
21,318,0
21,319,0
21,320,0
21,321,0
21,322,0
21,323,0
21,324,0
21,325,0
21,326,0
21,327,0
21,328,0
21,329,0
21,330,0
21,331,0
21,332,0
21,333,0
21,334,0
21,335,0
21,336,0
21,337,0
21,338,0
21,339,0
21,340,0
21,341,0
21,342,0
21,343,0
21,344,0
21,345,0
21,346,0
21,347,0
21,348,0
21,349,0
21,350,0
21,351,0
21,352,0
21,353,0
21,354,0
21,355,0
21,356,0
21,357,0
21,358,0
21,359,0
21,360,0
21,361,0
21,362,0
21,363,0
21,364,0
21,365,0
21,366,0
21,367,0
21,368,0
21,369,0
21,370,0
21,371,0
21,372,0
21,373,0
21,374,0
21,375,0
21,376,0
21,377,0
21,378,0
21,379,0
21,380,0
21,381,0
21,382,0
21,383,0
21,384,0
21,385,0
21,386,0
21,387,0
21,388,0
21,389,0
21,390,0
21,391,0
21,392,0
21,393,0
21,394,0
21,395,0
21,396,0
21,397,0
21,398,0
21,399,0
21,400,0
21,401,0
21,402,0
21,403,0
21,404,0
21,405,0
21,406,0
21,407,0
21,408,0
21,409,0
21,410,0
21,411,0
21,412,0
21,413,0
21,414,0
21,415,0
21,416,0
21,417,0
21,418,0
21,419,0
21,420,0
21,421,0
21,422,0
21,423,0
21,424,0
21,425,0
21,426,0
21,427,0
21,428,0
21,429,0
21,430,0
21,431,0
21,432,0
21,433,0
21,434,0
21,435,0
21,436,0
21,437,0
21,438,0
21,439,0
21,440,0
21,441,0
21,442,0
21,443,0
21,444,0
21,445,0
21,446,0
21,447,0
21,448,0
21,449,0
21,450,0
21,451,0
21,452,0
21,453,0
21,454,0
21,455,0
21,456,0
21,457,0
21,458,0
21,459,0
21,460,0
21,461,0
21,462,0
21,463,0
21,464,0
21,465,0
21,466,0
21,467,0
21,468,0
21,469,0
21,470,0
21,471,0
21,472,0
21,473,0
21,474,0
21,475,0
21,476,0
21,477,0
21,478,0
21,479,0
21,480,0
21,481,0
21,482,0
21,483,0
21,484,0
21,485,0
21,486,0
21,487,0
21,488,0
21,489,0
21,490,0
21,491,0
21,492,0
21,493,0
21,494,0
21,495,0
21,496,0
21,497,0
21,498,0
21,499,0
21,500,0
21,501,0
21,502,0
21,503,0
21,504,0
21,505,0
21,506,0
21,507,0
21,508,0
21,509,0
21,510,0
21,511,0
21,512,0
21,513,0
21,514,0
21,515,0
21,516,0
21,517,0
21,518,0
21,519,0
21,520,0
21,521,0
21,522,0
21,523,0
21,524,0
21,525,0
21,526,0
21,527,0
21,528,0
21,529,0
21,530,0
21,531,0
21,532,0
21,533,0
21,534,0
21,535,0
21,536,0
21,537,0
21,538,0
21,539,0
21,540,0
21,541,0
21,542,0
21,543,0
21,544,0
21,545,0
21,546,0
21,547,0
21,548,0
21,549,0
21,550,0
21,551,0
21,552,0
21,553,0
21,554,0
21,555,0
21,556,0
21,557,0
21,558,0
21,559,0
21,560,0
21,561,0
21,562,0
21,563,0
21,564,0
21,565,0
21,566,0
21,567,0
21,568,0
21,569,0
21,570,0
21,571,0
21,572,0
21,573,0
21,574,0
21,575,0
21,576,0
21,577,0
21,578,0
21,579,0
21,580,0
21,581,0
21,582,0
21,583,0
21,584,0
21,585,0
21,586,0
21,587,0
21,588,0
21,589,0
21,590,0
21,591,0
21,592,0
21,593,0
21,594,0
21,595,0
21,596,0
21,597,0
21,598,0
21,599,0
21,600,0
21,601,0
21,602,0
21,603,0
21,604,0
21,605,0
21,606,0
21,607,0
21,608,0
21,609,0
21,610,0
21,611,0
21,612,0
21,613,0
21,614,0
21,615,0
21,616,0
21,617,0
21,618,0
21,619,0
21,620,0
21,621,0
21,622,0
21,623,0
21,624,0
21,625,0
21,626,0
21,627,0
21,628,0
21,629,0
21,630,0
21,631,0
21,632,0
21,633,0
21,634,0
21,635,0
21,636,0
21,637,0
21,638,0
21,639,0
21,640,0
21,641,0
21,642,0
21,643,0
21,644,0
21,645,0
21,646,0
21,647,0
21,648,0
21,649,0
21,650,0
21,651,0
21,652,0
21,653,0
21,654,0
21,655,0
21,656,0
21,657,0
21,658,0
21,659,0
21,660,0
21,661,0
21,662,0
21,663,0
21,664,0
21,665,0
21,666,0
21,667,0
21,668,0
21,669,0
21,670,0
21,671,0
21,672,0
21,673,0
21,674,0
21,675,0
21,676,0
21,677,0
21,678,0
21,679,0
21,680,0
21,681,0
21,682,0
21,683,0
21,684,0
21,685,0
21,686,0
21,687,0
21,688,0
21,689,0
21,690,0
21,691,0
21,692,0
21,693,0
21,694,0
21,695,0
21,696,0
21,697,0
21,698,0
21,699,0
21,700,0
21,701,0
21,702,0
21,703,0
21,704,0
21,705,0
21,706,0
21,707,0
21,708,0
21,709,0
21,710,0
21,711,0
21,712,0
21,713,0
21,714,0
21,715,0
21,716,0
21,717,0
21,718,0
21,719,0
21,720,0
21,721,0
21,722,0
21,723,0
21,724,0
21,725,0
21,726,0
21,727,0
21,728,0
21,729,0
21,730,0
21,731,0
21,732,0
21,733,0
21,734,0
21,735,0
21,736,0
21,737,0
21,738,0
21,739,0
21,740,0
21,741,0
21,742,0
21,743,0
21,744,0
21,745,0
21,746,0
21,747,0
21,748,0
21,749,0
21,750,0
21,751,0
21,752,0
21,753,0
21,754,0
21,755,0
21,756,0
21,757,0
21,758,0
21,759,0
21,760,0
21,761,0
21,762,0
21,763,0
21,764,0
21,765,0
21,766,0
21,767,0
21,768,0
21,769,0
21,770,0
21,771,0
21,772,0
21,773,0
21,774,0
21,775,0
21,776,0
21,777,0
21,778,0
21,779,0
21,780,0
21,781,0
21,782,0
21,783,0
21,784,0
21,785,0
21,786,0
21,787,0
21,788,0
21,789,0
21,790,0
21,791,0
21,792,0
21,793,0
21,794,0
21,795,0
21,796,0
21,797,0
21,798,0
21,799,0
21,800,0
21,801,0
21,802,0
21,803,0
21,804,0
21,805,0
21,806,0
21,807,0
21,808,0
21,809,0
21,810,0
21,811,0
21,812,0
21,813,0
21,814,0
21,815,0
21,816,0
21,817,0
21,818,0
21,819,0
21,820,0
21,821,0
21,822,0
21,823,0
21,824,0
21,825,0
21,826,0
21,827,0
21,828,0
21,829,0
21,830,0
21,831,0
21,832,0
21,833,0
21,834,0
21,835,0
21,836,0
21,837,0
21,838,0
21,839,0
21,840,0
21,841,0
21,842,0
21,843,0
21,844,0
21,845,0
21,846,0
21,847,0
21,848,0
21,849,0
21,850,0
21,851,0
21,852,0
21,853,0
21,854,0
21,855,0
21,856,0
21,857,0
21,858,0
21,859,0
21,860,0
21,861,0
21,862,0
21,863,0
21,864,0
21,865,0
21,866,0
21,867,0
21,868,0
21,869,0
21,870,0
21,871,0
21,872,0
21,873,0
21,874,0
21,875,0
21,876,0
21,877,0
21,878,0
21,879,0
21,880,0
21,881,0
21,882,0
21,883,0
21,884,0
21,885,0
21,886,0
21,887,0
21,888,0
21,889,0
21,890,0
21,891,0
21,892,0
21,893,0
21,894,0
21,895,0
21,896,0
21,897,0
21,898,0
21,899,0
21,900,0
21,901,0
21,902,0
21,903,0
21,904,0
21,905,0
21,906,0
21,907,0
21,908,0
21,909,0
21,910,0
21,911,0
21,912,0
21,913,0
21,914,0
21,915,0
21,916,0
21,917,0
21,918,0
21,919,0
21,920,0
21,921,0
21,922,0
21,923,0
21,924,0
21,925,0
21,926,0
21,927,0
21,928,0
21,929,0
21,930,0
21,931,0
21,932,0
21,933,0
21,934,0
21,935,0
21,936,0
21,937,0
21,938,0
21,939,0
21,940,0
21,941,0
21,942,0
21,943,0
21,944,0
21,945,0
21,946,0
21,947,0
21,948,0
21,949,0
21,950,0
21,951,0
21,952,0
21,953,0
21,954,0
21,955,0
21,956,0
21,957,0
21,958,0
21,959,0
21,960,0
21,961,0
21,962,0
21,963,0
21,964,0
21,965,0
21,966,0
21,967,0
21,968,0
21,969,0
21,970,0
21,971,0
21,972,0
21,973,0
21,974,0
21,975,0
21,976,0
21,977,0
21,978,0
21,979,0
21,980,0
21,981,0
21,982,0
21,983,0
21,984,0
21,985,0
21,986,0
21,987,0
21,988,0
21,989,0
21,990,0
21,991,0
21,992,0
21,993,0
21,994,0
21,995,0
21,996,0
21,997,0
21,998,0
21,999,0
21,1000,0
21,1001,0
21,1002,0
21,1003,0
21,1004,0
21,1005,0
21,1006,0
21,1007,0
21,1008,0
21,1009,0
21,1010,0
21,1011,0
21,1012,0
21,1013,0
21,1014,0
21,1015,0
21,1016,0
21,1017,0
21,1018,0
21,1019,0
21,1020,0
21,1021,0
21,1022,0
21,1023,0
21,1024,0
21,1025,0
21,1026,0
21,1027,0
21,1028,0
21,1029,0
21,1030,0
21,1031,0
21,1032,0
21,1033,0
21,1034,0
21,1035,0
21,1036,0
21,1037,0
21,1038,0
21,1039,0
21,1040,0
21,1041,0
21,1042,0
21,1043,0
21,1044,0
21,1045,0
21,1046,0
21,1047,0
21,1048,0
21,1049,0
21,1050,0
21,1051,0
21,1052,0
21,1053,0
21,1054,0
21,1055,0
21,1056,0
21,1057,0
21,1058,0
21,1059,0
21,1060,0
21,1061,0
21,1062,0
21,1063,0
21,1064,0
21,1065,0
21,1066,0
21,1067,0
21,1068,0
21,1069,0
21,1070,0
21,1071,0
21,1072,0
21,1073,0
21,1074,0
21,1075,0
21,1076,0
21,1077,0
21,1078,0
21,1079,0
21,1080,0
21,1081,0
21,1082,0
21,1083,0
21,1084,0
21,1085,0
21,1086,0
21,1087,0
21,1088,0
21,1089,0
21,1090,0
21,1091,0
21,1092,0
21,1093,0
21,1094,0
21,1095,0
21,1096,0
21,1097,0
21,1098,0
21,1099,0
21,1100,0
21,1101,0
21,1102,0
21,1103,0
21,1104,0
21,1105,0
21,1106,0
21,1107,0
21,1108,0
21,1109,0
21,1110,0
21,1111,0
21,1112,0
21,1113,0
21,1114,0
21,1115,0
21,1116,0
21,1117,0
21,1118,0
21,1119,0
21,1120,0
21,1121,0
21,1122,0
21,1123,0
21,1124,0
21,1125,0
21,1126,0
21,1127,0
21,1128,0
21,1129,0
21,1130,0
21,1131,0
21,1132,0
21,1133,0
21,1134,0
21,1135,0
21,1136,0
21,1137,0
21,1138,0
21,1139,0
21,1140,0
21,1141,0
21,1142,0
21,1143,0
21,1144,0
21,1145,0
21,1146,0
21,1147,0
21,1148,0
21,1149,0
21,1150,0
21,1151,0
21,1152,0
21,1153,0
21,1154,0
21,1155,0
21,1156,0
21,1157,0
21,1158,0
21,1159,0
21,1160,0
21,1161,0
21,1162,0
21,1163,0
21,1164,0
21,1165,0
21,1166,0
21,1167,0
21,1168,0
21,1169,0
21,1170,0
21,1171,0
21,1172,0
21,1173,0
21,1174,0
21,1175,0
21,1176,0
21,1177,0
21,1178,0
21,1179,0
21,1180,0
21,1181,0
21,1182,0
21,1183,0
21,1184,0
21,1185,0
21,1186,0
21,1187,0
21,1188,0
21,1189,0
21,1190,0
21,1191,0
21,1192,0
21,1193,0
21,1194,0
21,1195,0
21,1196,1
21,1197,0
21,1198,0
21,1199,0
21,1200,0
21,1201,0
21,1202,0
21,1203,0
21,1204,0
21,1205,0
21,1206,0
21,1207,0
21,1208,0
21,1209,0
21,1210,0
21,1211,0
21,1212,0
21,1213,0
21,1214,0
21,1215,0
21,1216,0
21,1217,0
21,1218,0
21,1219,0
21,1220,0
21,1221,0
21,1222,0
21,1223,0
21,1224,0
21,1225,0
21,1226,0
21,1227,0
21,1228,0
21,1229,0
21,1230,0
21,1231,0
21,1232,0
21,1233,0
21,1234,0
21,1235,0
21,1236,0
21,1237,0
21,1238,0
21,1239,0
21,1240,0
21,1241,0
21,1242,0
21,1243,0
21,1244,0
21,1245,0
21,1246,0
21,1247,0
21,1248,0
21,1249,0
21,1250,0
21,1251,0
21,1252,0
21,1253,0
21,1254,0
21,1255,0
21,1256,0
21,1257,0
21,1258,0
21,1259,0
21,1260,0
21,1261,0
21,1262,0
21,1263,0
21,1264,0
21,1265,0
21,1266,0
21,1267,0
21,1268,0
21,1269,0
21,1270,0
21,1271,0
21,1272,0
21,1273,0
21,1274,0
21,1275,0
21,1276,0
21,1277,0
21,1278,0
21,1279,0
21,1280,0
21,1281,0
21,1282,0
21,1283,0
21,1284,0
21,1285,0
21,1286,0
21,1287,0
21,1288,1
21,1289,0
21,1290,0
21,1291,0
21,1292,1
21,1293,0
21,1294,0
21,1295,0
21,1296,0
21,1297,0
21,1298,0
21,1299,0
21,1300,0
21,1301,0
21,1302,0
21,1303,0
21,1304,0
21,1305,0
21,1306,0
21,1307,0
21,1308,0
21,1309,0
21,1310,0
21,1311,0
21,1312,0
21,1313,0
21,1314,0
21,1315,0
21,1316,0
21,1317,0
21,1318,0
21,1319,0
21,1320,0
21,1321,0
21,1322,0
21,1323,0
21,1324,0
21,1325,0
21,1326,0
21,1327,0
21,1328,0
21,1329,0
21,1330,0
21,1331,0
21,1332,0
21,1333,0
21,1334,0
21,1335,0
21,1336,0
21,1337,0
21,1338,0
21,1339,0
21,1340,0
21,1341,0
21,1342,0
21,1343,0
21,1344,0
21,1345,0
21,1346,0
21,1347,0
21,1348,0
21,1349,0
21,1350,0
21,1351,0
21,1352,0
21,1353,0
21,1354,0
21,1355,0
21,1356,0
21,1357,0
21,1358,0
21,1359,0
21,1360,0
21,1361,0
21,1362,0
21,1363,0
21,1364,0
21,1365,0
21,1366,0
21,1367,0
21,1368,0
21,1369,0
21,1370,0
21,1371,0
21,1372,0
21,1373,0
21,1374,0
21,1375,0
21,1376,0
21,1377,0
21,1378,0
21,1379,0
21,1380,0
21,1381,0
21,1382,0
21,1383,0
21,1384,0
21,1385,0
21,1386,0
21,1387,1
21,1388,0
21,1389,0
21,1390,0
21,1391,0
21,1392,0
21,1393,0
21,1394,0
21,1395,0
21,1396,0
21,1397,0
21,1398,0
21,1399,0
21,1400,0
21,1401,0
21,1402,0
21,1403,0
21,1404,0
21,1405,0
21,1406,0
21,1407,0
21,1408,0
21,1409,0
21,1410,0
21,1411,0
21,1412,0
21,1413,0
21,1414,0
21,1415,0
21,1416,0
21,1417,0
21,1418,0
21,1419,0
21,1420,0
21,1421,0
21,1422,0
21,1423,0
21,1424,0
21,1425,0
21,1426,0
21,1427,0
21,1428,0
21,1429,0
21,1430,0
21,1431,0
21,1432,0
21,1433,0
21,1434,0
21,1435,0
21,1436,0
21,1437,0
21,1438,0
21,1439,0
21,1440,0
21,1441,0
21,1442,0
21,1443,0
21,1444,0
21,1445,0
21,1446,0
21,1447,0
21,1448,0
21,1449,0
21,1450,0
21,1451,0
21,1452,0
21,1453,0
21,1454,0
21,1455,0
21,1456,0
21,1457,0
21,1458,0
21,1459,0
21,1460,0
21,1461,0
21,1462,0
21,1463,0
21,1464,0
21,1465,0
21,1466,0
21,1467,0
21,1468,0
21,1469,0
21,1470,0
21,1471,0
21,1472,0
21,1473,0
21,1474,0
21,1475,0
21,1476,0
21,1477,0
21,1478,0
21,1479,0
21,1480,0
21,1481,0
21,1482,0
21,1483,0
21,1484,0
21,1485,0
21,1486,0
21,1487,0
21,1488,0
21,1489,0
21,1490,0
21,1491,0
21,1492,0
21,1493,0
21,1494,0
21,1495,0
21,1496,0
21,1497,0
21,1498,0
21,1499,0
21,1500,0
21,1501,0
21,1502,0
21,1503,0
21,1504,0
21,1505,0
21,1506,0
21,1507,0
21,1508,0
21,1509,0
21,1510,0
21,1511,0
21,1512,0
21,1513,0
21,1514,0
21,1515,0
21,1516,0
21,1517,0
21,1518,0
21,1519,0
21,1520,0
21,1521,0
21,1522,0
21,1523,0
21,1524,0
21,1525,0
21,1526,0
21,1527,0
21,1528,0
21,1529,0
21,1530,0
21,1531,0
21,1532,0
21,1533,0
21,1534,0
21,1535,0
21,1536,0
21,1537,0
21,1538,0
21,1539,0
21,1540,0
21,1541,0
21,1542,0
21,1543,0
21,1544,0
21,1545,0
21,1546,0
21,1547,0
21,1548,0
21,1549,0
21,1550,0
21,1551,0
21,1552,0
21,1553,0
21,1554,0
21,1555,0
21,1556,0
21,1557,0
21,1558,0
21,1559,0
21,1560,0
21,1561,0
21,1562,0
21,1563,0
21,1564,0
21,1565,0
21,1566,0
21,1567,0
21,1568,0
21,1569,0
21,1570,0
21,1571,0
21,1572,0
21,1573,0
21,1574,0
21,1575,0
21,1576,0
21,1577,0
21,1578,0
21,1579,0
21,1580,0
21,1581,0
21,1582,0
21,1583,0
21,1584,0
21,1585,0
21,1586,0
21,1587,0
21,1588,0
21,1589,0
21,1590,0
21,1591,0
21,1592,0
21,1593,0
21,1594,0
21,1595,0
21,1596,0
21,1597,0
21,1598,0
21,1599,0
21,1600,0
21,1601,0
21,1602,0
21,1603,0
21,1604,0
21,1605,0
21,1606,0
21,1607,0
21,1608,0
21,1609,0
21,1610,0
21,1611,0
21,1612,0
21,1613,0
21,1614,0
21,1615,0
21,1616,0
21,1617,0
21,1618,0
21,1619,0
21,1620,0
21,1621,0
21,1622,0
21,1623,0
21,1624,0
21,1625,0
21,1626,0
21,1627,0
21,1628,0
21,1629,0
21,1630,0
21,1631,0
21,1632,0
21,1633,0
21,1634,0
21,1635,0
21,1636,0
21,1637,0
21,1638,0
21,1639,0
21,1640,0
21,1641,0
21,1642,0
21,1643,0
21,1644,0
21,1645,0
21,1646,0
21,1647,0
21,1648,0
21,1649,0
21,1650,0
21,1651,0
21,1652,0
22,1,0
22,2,0
22,3,0
22,4,0
22,5,0
22,6,0
22,7,0
22,8,0
22,9,0
22,10,0
22,11,0
22,12,0
22,13,0
22,14,0
22,15,0
22,16,0
22,17,0
22,18,0
22,19,0
22,20,0
22,21,0
22,22,0
22,23,0
22,24,0
22,25,0
22,26,0
22,27,0
22,28,0
22,29,0
22,30,0
22,31,0
22,32,0
22,33,0
22,34,0
22,35,0
22,36,0
22,37,0
22,38,0
22,39,0
22,40,0
22,41,0
22,42,0
22,43,0
22,44,0
22,45,0
22,46,0
22,47,0
22,48,0
22,49,0
22,50,0
22,51,0
22,52,0
22,53,0
22,54,0
22,55,0
22,56,0
22,57,0
22,58,0
22,59,0
22,60,0
22,61,0
22,62,0
22,63,0
22,64,0
22,65,0
22,66,0
22,67,0
22,68,0
22,69,0
22,70,0
22,71,0
22,72,0
22,73,0
22,74,0
22,75,0
22,76,0
22,77,0
22,78,0
22,79,0
22,80,0
22,81,0
22,82,0
22,83,0
22,84,0
22,85,0
22,86,0
22,87,0
22,88,0
22,89,0
22,90,0
22,91,0
22,92,0
22,93,0
22,94,0
22,95,0
22,96,0
22,97,0
22,98,0
22,99,0
22,100,0
22,101,0
22,102,0
22,103,0
22,104,0
22,105,0
22,106,0
22,107,0
22,108,0
22,109,0
22,110,0
22,111,0
22,112,0
22,113,0
22,114,0
22,115,0
22,116,0
22,117,0
22,118,0
22,119,0
22,120,0
22,121,0
22,122,0
22,123,0
22,124,0
22,125,0
22,126,0
22,127,0
22,128,0
22,129,0
22,130,0
22,131,0
22,132,0
22,133,0
22,134,0
22,135,0
22,136,0
22,137,0
22,138,0
22,139,0
22,140,0
22,141,0
22,142,0
22,143,0
22,144,0
22,145,0
22,146,0
22,147,0
22,148,0
22,149,0
22,150,0
22,151,0
22,152,0
22,153,0
22,154,0
22,155,0
22,156,0
22,157,0
22,158,0
22,159,0
22,160,0
22,161,0
22,162,0
22,163,0
22,164,0
22,165,0
22,166,0
22,167,0
22,168,0
22,169,0
22,170,0
22,171,0
22,172,0
22,173,0
22,174,0
22,175,0
22,176,0
22,177,0
22,178,0
22,179,0
22,180,0
22,181,0
22,182,0
22,183,0
22,184,0
22,185,0
22,186,0
22,187,0
22,188,0
22,189,0
22,190,0
22,191,0
22,192,0
22,193,0
22,194,0
22,195,0
22,196,0
22,197,0
22,198,0
22,199,0
22,200,0
22,201,0
22,202,0
22,203,0
22,204,0
22,205,0
22,206,0
22,207,0
22,208,0
22,209,0
22,210,0
22,211,0
22,212,0
22,213,0
22,214,0
22,215,0
22,216,0
22,217,0
22,218,0
22,219,0
22,220,0
22,221,0
22,222,0
22,223,0
22,224,0
22,225,0
22,226,0
22,227,0
22,228,0
22,229,0
22,230,0
22,231,0
22,232,0
22,233,0
22,234,0
22,235,0
22,236,0
22,237,0
22,238,0
22,239,0
22,240,0
22,241,0
22,242,0
22,243,0
22,244,0
22,245,0
22,246,0
22,247,0
22,248,0
22,249,0
22,250,0
22,251,0
22,252,0
22,253,0
22,254,0
22,255,0
22,256,0
22,257,0
22,258,0
22,259,0
22,260,0
22,261,0
22,262,0
22,263,0
22,264,0
22,265,0
22,266,0
22,267,0
22,268,0
22,269,0
22,270,0
22,271,0
22,272,0
22,273,0
22,274,0
22,275,0
22,276,0
22,277,0
22,278,0
22,279,0
22,280,0
22,281,0
22,282,0
22,283,0
22,284,0
22,285,0
22,286,0
22,287,0
22,288,0
22,289,0
22,290,0
22,291,0
22,292,0
22,293,0
22,294,0
22,295,0
22,296,0
22,297,0
22,298,0
22,299,0
22,300,0
22,301,0
22,302,0
22,303,0
22,304,0
22,305,0
22,306,0
22,307,0
22,308,0
22,309,0
22,310,0
22,311,0
22,312,0
22,313,0
22,314,0
22,315,0
22,316,0
22,317,0
22,318,0
22,319,0
22,320,0
22,321,0
22,322,0
22,323,0
22,324,0
22,325,0
22,326,0
22,327,0
22,328,0
22,329,0
22,330,0
22,331,0
22,332,0
22,333,0
22,334,0
22,335,0
22,336,0
22,337,0
22,338,0
22,339,0
22,340,0
22,341,0
22,342,0
22,343,0
22,344,0
22,345,0
22,346,0
22,347,0
22,348,0
22,349,0
22,350,0
22,351,0
22,352,0
22,353,0
22,354,0
22,355,0
22,356,0
22,357,0
22,358,0
22,359,0
22,360,0
22,361,0
22,362,0
22,363,0
22,364,0
22,365,0
22,366,0
22,367,0
22,368,0
22,369,0
22,370,1
22,371,0
22,372,0
22,373,0
22,374,0
22,375,0
22,376,0
22,377,0
22,378,0
22,379,0
22,380,0
22,381,0
22,382,0
22,383,0
22,384,0
22,385,0
22,386,0
22,387,0
22,388,0
22,389,0
22,390,0
22,391,0
22,392,0
22,393,0
22,394,0
22,395,0
22,396,0
22,397,0
22,398,0
22,399,0
22,400,0
22,401,0
22,402,0
22,403,0
22,404,0
22,405,0
22,406,0
22,407,0
22,408,0
22,409,0
22,410,0
22,411,0
22,412,0
22,413,0
22,414,0
22,415,0
22,416,0
22,417,0
22,418,0
22,419,0
22,420,0
22,421,0
22,422,0
22,423,0
22,424,0
22,425,0
22,426,0
22,427,0
22,428,0
22,429,0
22,430,0
22,431,0
22,432,0
22,433,0
22,434,0
22,435,0
22,436,0
22,437,0
22,438,0
22,439,0
22,440,0
22,441,0
22,442,0
22,443,0
22,444,0
22,445,0
22,446,0
22,447,0
22,448,0
22,449,0
22,450,0
22,451,0
22,452,0
22,453,0
22,454,0
22,455,0
22,456,0
22,457,0
22,458,0
22,459,0
22,460,0
22,461,0
22,462,0
22,463,0
22,464,0
22,465,0
22,466,0
22,467,0
22,468,0
22,469,0
22,470,0
22,471,0
22,472,0
22,473,0
22,474,0
22,475,0
22,476,0
22,477,0
22,478,0
22,479,0
22,480,0
22,481,0
22,482,0
22,483,0
22,484,0
22,485,0
22,486,0
22,487,0
22,488,0
22,489,0
22,490,0
22,491,0
22,492,0
22,493,0
22,494,0
22,495,0
22,496,0
22,497,0
22,498,0
22,499,0
22,500,0
22,501,0
22,502,0
22,503,0
22,504,0
22,505,0
22,506,0
22,507,0
22,508,0
22,509,0
22,510,0
22,511,0
22,512,0
22,513,0
22,514,0
22,515,0
22,516,0
22,517,0
22,518,0
22,519,0
22,520,0
22,521,0
22,522,0
22,523,0
22,524,0
22,525,0
22,526,0
22,527,0
22,528,0
22,529,0
22,530,0
22,531,0
22,532,0
22,533,0
22,534,0
22,535,0
22,536,0
22,537,0
22,538,0
22,539,0
22,540,0
22,541,0
22,542,0
22,543,0
22,544,0
22,545,0
22,546,0
22,547,0
22,548,0
22,549,0
22,550,0
22,551,0
22,552,0
22,553,0
22,554,0
22,555,0
22,556,0
22,557,0
22,558,0
22,559,0
22,560,0
22,561,0
22,562,0
22,563,0
22,564,0
22,565,0
22,566,0
22,567,0
22,568,0
22,569,0
22,570,0
22,571,0
22,572,0
22,573,0
22,574,0
22,575,0
22,576,0
22,577,0
22,578,0
22,579,0
22,580,0
22,581,0
22,582,0
22,583,0
22,584,0
22,585,0
22,586,0
22,587,0
22,588,0
22,589,0
22,590,0
22,591,0
22,592,0
22,593,0
22,594,0
22,595,0
22,596,0
22,597,0
22,598,0
22,599,0
22,600,0
22,601,0
22,602,0
22,603,0
22,604,0
22,605,0
22,606,0
22,607,0
22,608,0
22,609,0
22,610,0
22,611,0
22,612,0
22,613,0
22,614,0
22,615,0
22,616,0
22,617,0
22,618,0
22,619,0
22,620,0
22,621,0
22,622,0
22,623,0
22,624,0
22,625,0
22,626,0
22,627,0
22,628,0
22,629,0
22,630,0
22,631,0
22,632,0
22,633,0
22,634,0
22,635,0
22,636,0
22,637,0
22,638,0
22,639,0
22,640,0
22,641,0
22,642,0
22,643,0
22,644,0
22,645,0
22,646,0
22,647,0
22,648,0
22,649,0
22,650,0
22,651,0
22,652,0
22,653,0
22,654,0
22,655,0
22,656,0
22,657,0
22,658,0
22,659,0
22,660,0
22,661,0
22,662,0
22,663,0
22,664,0
22,665,0
22,666,0
22,667,0
22,668,0
22,669,0
22,670,0
22,671,0
22,672,0
22,673,0
22,674,0
22,675,0
22,676,0
22,677,0
22,678,0
22,679,0
22,680,0
22,681,0
22,682,0
22,683,0
22,684,0
22,685,0
22,686,0
22,687,0
22,688,0
22,689,0
22,690,0
22,691,0
22,692,0
22,693,0
22,694,0
22,695,0
22,696,0
22,697,0
22,698,0
22,699,0
22,700,0
22,701,0
22,702,0
22,703,0
22,704,0
22,705,0
22,706,0
22,707,0
22,708,0
22,709,0
22,710,0
22,711,0
22,712,0
22,713,0
22,714,0
22,715,0
22,716,0
22,717,0
22,718,0
22,719,0
22,720,0
22,721,0
22,722,0
22,723,0
22,724,0
22,725,0
22,726,0
22,727,0
22,728,0
22,729,0
22,730,0
22,731,0
22,732,0
22,733,0
22,734,0
22,735,0
22,736,0
22,737,0
22,738,0
22,739,0
22,740,0
22,741,0
22,742,0
22,743,0
22,744,0
22,745,0
22,746,0
22,747,0
22,748,0
22,749,0
22,750,0
22,751,0
22,752,0
22,753,0
22,754,0
22,755,0
22,756,0
22,757,0
22,758,0
22,759,0
22,760,0
22,761,0
22,762,0
22,763,0
22,764,0
22,765,0
22,766,0
22,767,0
22,768,0
22,769,0
22,770,0
22,771,0
22,772,0
22,773,0
22,774,0
22,775,0
22,776,0
22,777,0
22,778,0
22,779,0
22,780,0
22,781,0
22,782,0
22,783,0
22,784,0
22,785,0
22,786,0
22,787,0
22,788,0
22,789,0
22,790,0
22,791,0
22,792,0
22,793,0
22,794,0
22,795,0
22,796,0
22,797,0
22,798,0
22,799,0
22,800,0
22,801,0
22,802,0
22,803,0
22,804,0
22,805,0
22,806,0
22,807,0
22,808,0
22,809,0
22,810,0
22,811,0
22,812,0
22,813,0
22,814,0
22,815,0
22,816,0
22,817,0
22,818,0
22,819,0
22,820,0
22,821,0
22,822,0
22,823,0
22,824,0
22,825,0
22,826,0
22,827,0
22,828,0
22,829,0
22,830,0
22,831,0
22,832,0
22,833,0
22,834,0
22,835,0
22,836,0
22,837,0
22,838,0
22,839,0
22,840,0
22,841,0
22,842,0
22,843,0
22,844,0
22,845,0
22,846,0
22,847,0
22,848,0
22,849,0
22,850,0
22,851,0
22,852,0
22,853,0
22,854,0
22,855,0
22,856,0
22,857,0
22,858,0
22,859,0
22,860,0
22,861,0
22,862,0
22,863,0
22,864,0
22,865,0
22,866,0
22,867,0
22,868,0
22,869,0
22,870,0
22,871,0
22,872,0
22,873,0
22,874,0
22,875,0
22,876,0
22,877,0
22,878,0
22,879,0
22,880,0
22,881,0
22,882,0
22,883,0
22,884,0
22,885,0
22,886,0
22,887,0
22,888,0
22,889,0
22,890,0
22,891,0
22,892,0
22,893,0
22,894,0
22,895,0
22,896,0
22,897,0
22,898,0
22,899,0
22,900,0
22,901,0
22,902,0
22,903,0
22,904,0
22,905,0
22,906,0
22,907,0
22,908,0
22,909,0
22,910,0
22,911,0
22,912,0
22,913,0
22,914,0
22,915,0
22,916,0
22,917,0
22,918,0
22,919,0
22,920,0
22,921,0
22,922,0
22,923,0
22,924,0
22,925,0
22,926,0
22,927,0
22,928,0
22,929,0
22,930,0
22,931,0
22,932,0
22,933,0
22,934,0
22,935,0
22,936,0
22,937,0
22,938,0
22,939,0
22,940,0
22,941,0
22,942,0
22,943,0
22,944,0
22,945,0
22,946,0
22,947,0
22,948,0
22,949,0
22,950,0
22,951,0
22,952,0
22,953,0
22,954,0
22,955,0
22,956,0
22,957,0
22,958,0
22,959,0
22,960,0
22,961,0
22,962,0
22,963,0
22,964,0
22,965,0
22,966,0
22,967,0
22,968,0
22,969,0
22,970,0
22,971,0
22,972,0
22,973,0
22,974,0
22,975,0
22,976,0
22,977,0
22,978,0
22,979,0
22,980,0
22,981,0
22,982,0
22,983,0
22,984,0
22,985,0
22,986,0
22,987,0
22,988,0
22,989,0
22,990,0
22,991,0
22,992,0
22,993,0
22,994,0
22,995,0
22,996,0
22,997,0
22,998,0
22,999,0
22,1000,0
22,1001,0
22,1002,0
22,1003,0
22,1004,0
22,1005,0
22,1006,0
22,1007,0
22,1008,0
22,1009,0
22,1010,0
22,1011,0
22,1012,0
22,1013,0
22,1014,0
22,1015,0
22,1016,0
22,1017,0
22,1018,0
22,1019,0
22,1020,0
22,1021,0
22,1022,0
22,1023,0
22,1024,0
22,1025,0
22,1026,0
22,1027,0
22,1028,0
22,1029,0
22,1030,0
22,1031,0
22,1032,0
22,1033,0
22,1034,0
22,1035,0
22,1036,0
22,1037,0
22,1038,0
22,1039,0
22,1040,0
22,1041,0
22,1042,0
22,1043,0
22,1044,0
22,1045,0
22,1046,0
22,1047,0
22,1048,0
22,1049,0
22,1050,0
22,1051,0
22,1052,0
22,1053,0
22,1054,0
22,1055,0
22,1056,0
22,1057,0
22,1058,0
22,1059,0
22,1060,0
22,1061,0
22,1062,0
22,1063,0
22,1064,0
22,1065,0
22,1066,0
22,1067,0
22,1068,0
22,1069,0
22,1070,0
22,1071,0
22,1072,0
22,1073,0
22,1074,0
22,1075,0
22,1076,0
22,1077,0
22,1078,0
22,1079,0
22,1080,0
22,1081,0
22,1082,0
22,1083,0
22,1084,0
22,1085,0
22,1086,0
22,1087,0
22,1088,0
22,1089,0
22,1090,0
22,1091,0
22,1092,0
22,1093,0
22,1094,0
22,1095,0
22,1096,0
22,1097,0
22,1098,0
22,1099,0
22,1100,0
22,1101,0
22,1102,0
22,1103,0
22,1104,0
22,1105,0
22,1106,0
22,1107,0
22,1108,0
22,1109,0
22,1110,0
22,1111,0
22,1112,0
22,1113,0
22,1114,0
22,1115,0
22,1116,0
22,1117,0
22,1118,0
22,1119,0
22,1120,0
22,1121,0
22,1122,0
22,1123,0
22,1124,0
22,1125,0
22,1126,0
22,1127,0
22,1128,0
22,1129,0
22,1130,0
22,1131,0
22,1132,0
22,1133,0
22,1134,0
22,1135,0
22,1136,0
22,1137,0
22,1138,0
22,1139,0
22,1140,0
22,1141,0
22,1142,0
22,1143,0
22,1144,0
22,1145,0
22,1146,0
22,1147,0
22,1148,0
22,1149,0
22,1150,1
22,1151,0
22,1152,0
22,1153,0
22,1154,0
22,1155,0
22,1156,0
22,1157,0
22,1158,0
22,1159,0
22,1160,0
22,1161,0
22,1162,0
22,1163,0
22,1164,0
22,1165,0
22,1166,0
22,1167,0
22,1168,0
22,1169,0
22,1170,0
22,1171,0
22,1172,0
22,1173,0
22,1174,0
22,1175,0
22,1176,0
22,1177,0
22,1178,0
22,1179,0
22,1180,0
22,1181,0
22,1182,0
22,1183,0
22,1184,0
22,1185,0
22,1186,0
22,1187,0
22,1188,0
22,1189,0
22,1190,0
22,1191,0
22,1192,0
22,1193,0
22,1194,0
22,1195,0
22,1196,0
22,1197,0
22,1198,0
22,1199,0
22,1200,0
22,1201,0
22,1202,0
22,1203,0
22,1204,0
22,1205,0
22,1206,0
22,1207,0
22,1208,0
22,1209,0
22,1210,0
22,1211,0
22,1212,0
22,1213,0
22,1214,0
22,1215,0
22,1216,0
22,1217,0
22,1218,0
22,1219,0
22,1220,0
22,1221,0
22,1222,0
22,1223,0
22,1224,0
22,1225,0
22,1226,0
22,1227,0
22,1228,0
22,1229,0
22,1230,0
22,1231,0
22,1232,0
22,1233,0
22,1234,0
22,1235,0
22,1236,0
22,1237,0
22,1238,0
22,1239,0
22,1240,0
22,1241,0
22,1242,0
22,1243,0
22,1244,0
22,1245,0
22,1246,0
22,1247,0
22,1248,0
22,1249,0
22,1250,0
22,1251,0
22,1252,0
22,1253,0
22,1254,0
22,1255,0
22,1256,0
22,1257,0
22,1258,0
22,1259,0
22,1260,0
22,1261,0
22,1262,0
22,1263,0
22,1264,0
22,1265,0
22,1266,0
22,1267,1
22,1268,0
22,1269,0
22,1270,0
22,1271,0
22,1272,0
22,1273,0
22,1274,0
22,1275,0
22,1276,0
22,1277,0
22,1278,0
22,1279,0
22,1280,0
22,1281,0
22,1282,0
22,1283,0
22,1284,0
22,1285,0
22,1286,0
22,1287,0
22,1288,0
22,1289,0
22,1290,0
22,1291,0
22,1292,0
22,1293,0
22,1294,0
22,1295,0
22,1296,0
22,1297,0
22,1298,0
22,1299,0
22,1300,0
22,1301,0
22,1302,0
22,1303,0
22,1304,0
22,1305,0
22,1306,0
22,1307,0
22,1308,0
22,1309,0
22,1310,0
22,1311,0
22,1312,0
22,1313,0
22,1314,0
22,1315,0
22,1316,0
22,1317,0
22,1318,0
22,1319,0
22,1320,0
22,1321,0
22,1322,0
22,1323,0
22,1324,0
22,1325,0
22,1326,0
22,1327,0
22,1328,0
22,1329,0
22,1330,0
22,1331,0
22,1332,0
22,1333,0
22,1334,0
22,1335,0
22,1336,0
22,1337,0
22,1338,0
22,1339,0
22,1340,0
22,1341,0
22,1342,0
22,1343,0
22,1344,0
22,1345,0
22,1346,0
22,1347,0
22,1348,0
22,1349,0
22,1350,0
22,1351,0
22,1352,0
22,1353,0
22,1354,0
22,1355,0
22,1356,0
22,1357,0
22,1358,0
22,1359,0
22,1360,0
22,1361,0
22,1362,0
22,1363,0
22,1364,0
22,1365,0
22,1366,0
22,1367,0
22,1368,0
22,1369,0
22,1370,0
22,1371,0
22,1372,0
22,1373,0
22,1374,0
22,1375,0
22,1376,0
22,1377,0
22,1378,0
22,1379,0
22,1380,0
22,1381,0
22,1382,0
22,1383,0
22,1384,0
22,1385,0
22,1386,0
22,1387,0
22,1388,0
22,1389,0
22,1390,0
22,1391,0
22,1392,0
22,1393,0
22,1394,0
22,1395,0
22,1396,0
22,1397,0
22,1398,0
22,1399,0
22,1400,0
22,1401,0
22,1402,0
22,1403,0
22,1404,0
22,1405,0
22,1406,0
22,1407,0
22,1408,0
22,1409,0
22,1410,0
22,1411,0
22,1412,0
22,1413,0
22,1414,0
22,1415,0
22,1416,0
22,1417,0
22,1418,0
22,1419,0
22,1420,0
22,1421,0
22,1422,0
22,1423,0
22,1424,0
22,1425,0
22,1426,0
22,1427,0
22,1428,0
22,1429,0
22,1430,0
22,1431,0
22,1432,0
22,1433,0
22,1434,0
22,1435,0
22,1436,0
22,1437,0
22,1438,0
22,1439,0
22,1440,0
22,1441,0
22,1442,0
22,1443,0
22,1444,0
22,1445,0
22,1446,0
22,1447,0
22,1448,0
22,1449,0
22,1450,0
22,1451,0
22,1452,0
22,1453,0
22,1454,0
22,1455,0
22,1456,0
22,1457,0
22,1458,0
22,1459,0
22,1460,0
22,1461,0
22,1462,0
22,1463,0
22,1464,0
22,1465,0
22,1466,0
22,1467,0
22,1468,0
22,1469,0
22,1470,0
22,1471,0
22,1472,0
22,1473,0
22,1474,0
22,1475,0
22,1476,0
22,1477,0
22,1478,0
22,1479,0
22,1480,0
22,1481,0
22,1482,0
22,1483,0
22,1484,0
22,1485,0
22,1486,0
22,1487,0
22,1488,0
22,1489,0
22,1490,0
22,1491,0
22,1492,0
22,1493,0
22,1494,0
22,1495,0
22,1496,0
22,1497,0
22,1498,0
22,1499,0
22,1500,0
22,1501,0
22,1502,0
22,1503,0
22,1504,0
22,1505,0
22,1506,0
22,1507,0
22,1508,0
22,1509,0
22,1510,0
22,1511,0
22,1512,0
22,1513,0
22,1514,0
22,1515,0
22,1516,0
22,1517,0
22,1518,0
22,1519,0
22,1520,0
22,1521,0
22,1522,0
22,1523,0
22,1524,0
22,1525,0
22,1526,0
22,1527,0
22,1528,0
22,1529,0
22,1530,0
22,1531,0
22,1532,0
22,1533,0
22,1534,0
22,1535,0
22,1536,0
22,1537,0
22,1538,0
22,1539,0
22,1540,0
22,1541,0
22,1542,0
22,1543,0
22,1544,0
22,1545,0
22,1546,0
22,1547,0
22,1548,0
22,1549,0
22,1550,0
22,1551,0
22,1552,0
22,1553,0
22,1554,0
22,1555,0
22,1556,0
22,1557,0
22,1558,0
22,1559,0
22,1560,0
22,1561,0
22,1562,0
22,1563,0
22,1564,0
22,1565,0
22,1566,0
22,1567,0
22,1568,0
22,1569,0
22,1570,0
22,1571,0
22,1572,0
22,1573,0
22,1574,0
22,1575,0
22,1576,0
22,1577,0
22,1578,0
22,1579,0
22,1580,0
22,1581,0
22,1582,0
22,1583,0
22,1584,0
22,1585,0
22,1586,0
22,1587,0
22,1588,0
22,1589,0
22,1590,0
22,1591,0
22,1592,0
22,1593,0
22,1594,0
22,1595,0
22,1596,0
22,1597,0
22,1598,0
22,1599,0
22,1600,0
22,1601,0
22,1602,0
22,1603,0
22,1604,0
22,1605,0
22,1606,0
22,1607,0
22,1608,0
22,1609,0
22,1610,0
22,1611,0
22,1612,0
22,1613,0
22,1614,0
22,1615,0
22,1616,0
22,1617,0
22,1618,0
22,1619,0
22,1620,0
22,1621,0
22,1622,0
22,1623,0
22,1624,0
22,1625,0
22,1626,0
22,1627,0
22,1628,0
22,1629,0
22,1630,0
22,1631,0
22,1632,0
22,1633,0
22,1634,0
22,1635,0
22,1636,0
22,1637,0
22,1638,0
22,1639,0
22,1640,0
22,1641,0
22,1642,0
22,1643,0
22,1644,0
22,1645,0
22,1646,0
22,1647,0
22,1648,0
22,1649,0
22,1650,0
22,1651,0
22,1652,0
